   Wave      Z087      Y106      J129      H158      F184      W149    SNPrism   BAO-Grism
     0.300    0.0000    0.0000    0.0000    0.0000    0.0000    0.0000    0.0000    0.0000
     0.305    0.0000    0.0000    0.0000    0.0000    0.0000    0.0000    0.0000    0.0000
     0.310    0.0000    0.0000    0.0000    0.0000    0.0000    0.0000    0.0000    0.0000
     0.315    0.0000    0.0000    0.0000    0.0000    0.0000    0.0000    0.0000    0.0000
     0.320    0.0000    0.0000    0.0000    0.0000    0.0000    0.0000    0.0000    0.0000
     0.325    0.0000    0.0000    0.0000    0.0000    0.0000    0.0000    0.0000    0.0000
     0.330    0.0000    0.0000    0.0000    0.0000    0.0000    0.0000    0.0000    0.0000
     0.335    0.0000    0.0000    0.0000    0.0000    0.0000    0.0000    0.0000    0.0000
     0.340    0.0000    0.0000    0.0000    0.0000    0.0000    0.0000    0.0000    0.0000
     0.345    0.0000    0.0000    0.0000    0.0000    0.0000    0.0000    0.0000    0.0000
     0.350    0.0000    0.0000    0.0000    0.0000    0.0000    0.0000    0.0000    0.0000
     0.355    0.0000    0.0000    0.0000    0.0000    0.0000    0.0000    0.0000    0.0000
     0.360    0.0000    0.0000    0.0000    0.0000    0.0000    0.0000    0.0000    0.0000
     0.365    0.0000    0.0000    0.0000    0.0000    0.0000    0.0000    0.0000    0.0000
     0.370    0.0000    0.0000    0.0000    0.0000    0.0000    0.0000    0.0000    0.0000
     0.375    0.0000    0.0000    0.0000    0.0000    0.0000    0.0000    0.0000    0.0000
     0.380    0.0000    0.0000    0.0000    0.0000    0.0000    0.0000    0.0000    0.0000
     0.385    0.0000    0.0000    0.0000    0.0000    0.0000    0.0000    0.0000    0.0000
     0.390    0.0000    0.0000    0.0000    0.0000    0.0000    0.0000    0.0000    0.0000
     0.395    0.0000    0.0000    0.0000    0.0000    0.0000    0.0000    0.0000    0.0000
     0.400    0.0000    0.0000    0.0000    0.0000    0.0000    0.0000    0.0000    0.0000
     0.405    0.0000    0.0000    0.0000    0.0000    0.0000    0.0000    0.0000    0.0000
     0.410    0.0000    0.0000    0.0000    0.0000    0.0000    0.0000    0.0000    0.0000
     0.415    0.0000    0.0000    0.0000    0.0000    0.0000    0.0000    0.0000    0.0000
     0.420    0.0000    0.0000    0.0000    0.0000    0.0000    0.0000    0.0000    0.0000
     0.425    0.0000    0.0000    0.0000    0.0000    0.0000    0.0000    0.0000    0.0000
     0.430    0.0000    0.0000    0.0000    0.0000    0.0000    0.0000    0.0000    0.0000
     0.435    0.0000    0.0000    0.0000    0.0000    0.0000    0.0000    0.0000    0.0000
     0.440    0.0000    0.0000    0.0000    0.0000    0.0000    0.0000    0.0000    0.0000
     0.445    0.0000    0.0000    0.0000    0.0000    0.0000    0.0000    0.0000    0.0000
     0.450    0.0000    0.0000    0.0000    0.0000    0.0000    0.0000    0.0000    0.0000
     0.455    0.0000    0.0000    0.0000    0.0000    0.0000    0.0000    0.0000    0.0000
     0.460    0.0000    0.0000    0.0000    0.0000    0.0000    0.0000    0.0000    0.0000
     0.465    0.0000    0.0000    0.0000    0.0000    0.0000    0.0000    0.0000    0.0000
     0.470    0.0000    0.0000    0.0000    0.0000    0.0000    0.0000    0.0000    0.0000
     0.475    0.0000    0.0000    0.0000    0.0000    0.0000    0.0000    0.0000    0.0000
     0.480    0.0000    0.0000    0.0000    0.0000    0.0000    0.0000    0.0000    0.0000
     0.485    0.0000    0.0000    0.0000    0.0000    0.0000    0.0000    0.0000    0.0000
     0.490    0.0000    0.0000    0.0000    0.0000    0.0000    0.0000    0.0000    0.0000
     0.495    0.0000    0.0000    0.0000    0.0000    0.0000    0.0000    0.0000    0.0000
     0.500    0.0000    0.0000    0.0000    0.0000    0.0000    0.0000    0.0000    0.0000
     0.505    0.0000    0.0000    0.0000    0.0000    0.0000    0.0000    0.0000    0.0000
     0.510    0.0000    0.0000    0.0000    0.0000    0.0000    0.0000    0.0000    0.0000
     0.515    0.0000    0.0000    0.0000    0.0000    0.0000    0.0000    0.0000    0.0000
     0.520    0.0000    0.0000    0.0000    0.0000    0.0000    0.0000    0.0000    0.0000
     0.525    0.0000    0.0000    0.0000    0.0000    0.0000    0.0000    0.0000    0.0000
     0.530    0.0000    0.0000    0.0000    0.0000    0.0000    0.0000    0.0000    0.0000
     0.535    0.0000    0.0000    0.0000    0.0000    0.0000    0.0000    0.0000    0.0000
     0.540    0.0000    0.0000    0.0000    0.0000    0.0000    0.0000    0.0000    0.0000
     0.545    0.0000    0.0000    0.0000    0.0000    0.0000    0.0000    0.0000    0.0000
     0.550    0.0000    0.0000    0.0000    0.0000    0.0000    0.0000    0.0000    0.0000
     0.555    0.0000    0.0000    0.0000    0.0000    0.0000    0.0000    0.0000    0.0000
     0.560    0.0000    0.0000    0.0000    0.0000    0.0000    0.0000    0.0000    0.0000
     0.565    0.0000    0.0000    0.0000    0.0000    0.0000    0.0000    0.0000    0.0000
     0.570    0.0000    0.0000    0.0000    0.0000    0.0000    0.0000    0.0000    0.0000
     0.575    0.0000    0.0000    0.0000    0.0000    0.0000    0.0000    0.0000    0.0000
     0.580    0.0000    0.0000    0.0000    0.0000    0.0000    0.0000    0.0002    0.0000
     0.585    0.0000    0.0000    0.0000    0.0000    0.0000    0.0000    0.0017    0.0000
     0.590    0.0000    0.0000    0.0000    0.0000    0.0000    0.0000    0.0091    0.0000
     0.595    0.0000    0.0000    0.0000    0.0000    0.0000    0.0000    0.0313    0.0000
     0.600    0.0000    0.0000    0.0000    0.0000    0.0000    0.0000    0.0724    0.0000
     0.605    0.0000    0.0000    0.0000    0.0000    0.0000    0.0000    0.1198    0.0000
     0.610    0.0000    0.0000    0.0000    0.0000    0.0000    0.0000    0.1560    0.0000
     0.615    0.0000    0.0000    0.0000    0.0000    0.0000    0.0000    0.1775    0.0000
     0.620    0.0000    0.0000    0.0000    0.0000    0.0000    0.0000    0.1909    0.0000
     0.625    0.0000    0.0000    0.0000    0.0000    0.0000    0.0000    0.2019    0.0000
     0.630    0.0000    0.0000    0.0000    0.0000    0.0000    0.0000    0.2124    0.0000
     0.635    0.0000    0.0000    0.0000    0.0000    0.0000    0.0000    0.2227    0.0000
     0.640    0.0000    0.0000    0.0000    0.0000    0.0000    0.0000    0.2329    0.0000
     0.645    0.0000    0.0000    0.0000    0.0000    0.0000    0.0000    0.2433    0.0000
     0.650    0.0000    0.0000    0.0000    0.0000    0.0000    0.0000    0.2537    0.0000
     0.655    0.0000    0.0000    0.0000    0.0000    0.0000    0.0000    0.2647    0.0000
     0.660    0.0000    0.0000    0.0000    0.0000    0.0000    0.0000    0.2758    0.0000
     0.665    0.0000    0.0000    0.0000    0.0000    0.0000    0.0000    0.2870    0.0000
     0.670    0.0000    0.0000    0.0000    0.0000    0.0000    0.0000    0.2981    0.0000
     0.675    0.0000    0.0000    0.0000    0.0000    0.0000    0.0000    0.3092    0.0000
     0.680    0.0000    0.0000    0.0000    0.0000    0.0000    0.0000    0.3201    0.0000
     0.685    0.0000    0.0000    0.0000    0.0000    0.0000    0.0000    0.3309    0.0000
     0.690    0.0000    0.0000    0.0000    0.0000    0.0000    0.0000    0.3413    0.0000
     0.695    0.0000    0.0000    0.0000    0.0000    0.0000    0.0000    0.3513    0.0000
     0.700    0.0000    0.0000    0.0000    0.0000    0.0000    0.0000    0.3609    0.0000
     0.705    0.0000    0.0000    0.0000    0.0000    0.0000    0.0000    0.3695    0.0000
     0.710    0.0000    0.0000    0.0000    0.0000    0.0000    0.0000    0.3776    0.0000
     0.715    0.0000    0.0000    0.0000    0.0000    0.0000    0.0000    0.3852    0.0000
     0.720    0.0000    0.0000    0.0000    0.0000    0.0000    0.0000    0.3924    0.0000
     0.725    0.0000    0.0000    0.0000    0.0000    0.0000    0.0000    0.3993    0.0000
     0.730    0.0002    0.0000    0.0000    0.0000    0.0000    0.0000    0.4058    0.0000
     0.735    0.0011    0.0000    0.0000    0.0000    0.0000    0.0000    0.4120    0.0000
     0.740    0.0056    0.0000    0.0000    0.0000    0.0000    0.0000    0.4180    0.0000
     0.745    0.0210    0.0000    0.0000    0.0000    0.0000    0.0000    0.4238    0.0000
     0.750    0.0604    0.0000    0.0000    0.0000    0.0000    0.0000    0.4296    0.0000
     0.755    0.1341    0.0000    0.0000    0.0000    0.0000    0.0000    0.4356    0.0000
     0.760    0.2359    0.0000    0.0000    0.0000    0.0000    0.0000    0.4414    0.0000
     0.765    0.3397    0.0000    0.0000    0.0000    0.0000    0.0000    0.4472    0.0000
     0.770    0.4183    0.0000    0.0000    0.0000    0.0000    0.0000    0.4530    0.0000
     0.775    0.4634    0.0000    0.0000    0.0000    0.0000    0.0000    0.4586    0.0000
     0.780    0.4842    0.0000    0.0000    0.0000    0.0000    0.0000    0.4642    0.0000
     0.785    0.4935    0.0000    0.0000    0.0000    0.0000    0.0000    0.4697    0.0000
     0.790    0.4991    0.0000    0.0000    0.0000    0.0000    0.0000    0.4752    0.0000
     0.795    0.5037    0.0000    0.0000    0.0000    0.0000    0.0000    0.4807    0.0000
     0.800    0.5081    0.0000    0.0000    0.0000    0.0000    0.0000    0.4860    0.0000
     0.805    0.5126    0.0000    0.0000    0.0000    0.0000    0.0000    0.4914    0.0000
     0.810    0.5171    0.0000    0.0000    0.0000    0.0000    0.0000    0.4968    0.0000
     0.815    0.5215    0.0000    0.0000    0.0000    0.0000    0.0000    0.5021    0.0000
     0.820    0.5258    0.0000    0.0000    0.0000    0.0000    0.0000    0.5072    0.0000
     0.825    0.5301    0.0000    0.0000    0.0000    0.0000    0.0000    0.5121    0.0000
     0.830    0.5342    0.0000    0.0000    0.0000    0.0000    0.0000    0.5169    0.0000
     0.835    0.5382    0.0000    0.0000    0.0000    0.0000    0.0000    0.5214    0.0000
     0.840    0.5420    0.0000    0.0000    0.0000    0.0000    0.0000    0.5258    0.0000
     0.845    0.5457    0.0000    0.0000    0.0000    0.0000    0.0000    0.5299    0.0000
     0.850    0.5491    0.0000    0.0000    0.0000    0.0000    0.0000    0.5338    0.0000
     0.855    0.5524    0.0000    0.0000    0.0000    0.0000    0.0000    0.5374    0.0000
     0.860    0.5555    0.0000    0.0000    0.0000    0.0000    0.0000    0.5408    0.0000
     0.865    0.5585    0.0000    0.0000    0.0000    0.0000    0.0000    0.5441    0.0000
     0.870    0.5613    0.0000    0.0000    0.0000    0.0000    0.0000    0.5472    0.0000
     0.875    0.5639    0.0000    0.0000    0.0000    0.0000    0.0000    0.5501    0.0000
     0.880    0.5665    0.0000    0.0000    0.0000    0.0000    0.0000    0.5528    0.0000
     0.885    0.5689    0.0000    0.0000    0.0000    0.0000    0.0000    0.5554    0.0000
     0.890    0.5713    0.0002    0.0000    0.0000    0.0000    0.0002    0.5580    0.0000
     0.895    0.5736    0.0009    0.0000    0.0000    0.0000    0.0009    0.5604    0.0000
     0.900    0.5759    0.0037    0.0000    0.0000    0.0000    0.0037    0.5630    0.0000
     0.905    0.5782    0.0123    0.0000    0.0000    0.0000    0.0123    0.5656    0.0000
     0.910    0.5805    0.0340    0.0000    0.0000    0.0000    0.0340    0.5683    0.0000
     0.915    0.5828    0.0783    0.0000    0.0000    0.0000    0.0783    0.5710    0.0000
     0.920    0.5850    0.1518    0.0000    0.0000    0.0000    0.1518    0.5737    0.0000
     0.925    0.5873    0.2507    0.0000    0.0000    0.0000    0.2507    0.5764    0.0000
     0.930    0.5894    0.3589    0.0000    0.0000    0.0000    0.3589    0.5791    0.0000
     0.935    0.5916    0.4553    0.0000    0.0000    0.0000    0.4553    0.5817    0.0000
     0.940    0.5935    0.5253    0.0000    0.0000    0.0000    0.5253    0.5842    0.0000
     0.945    0.5945    0.5671    0.0000    0.0000    0.0000    0.5671    0.5867    0.0000
     0.950    0.5929    0.5881    0.0000    0.0000    0.0000    0.5881    0.5891    0.0000
     0.955    0.5846    0.5980    0.0000    0.0000    0.0000    0.5980    0.5918    0.0000
     0.960    0.5622    0.6029    0.0000    0.0000    0.0000    0.6029    0.5946    0.0000
     0.965    0.5172    0.6062    0.0000    0.0000    0.0000    0.6062    0.5973    0.0000
     0.970    0.4445    0.6091    0.0000    0.0000    0.0000    0.6091    0.6000    0.0000
     0.975    0.3484    0.6118    0.0000    0.0000    0.0000    0.6118    0.6026    0.0000
     0.980    0.2436    0.6144    0.0000    0.0000    0.0000    0.6144    0.6052    0.0000
     0.985    0.1494    0.6169    0.0000    0.0000    0.0000    0.6169    0.6077    0.0000
     0.990    0.0792    0.6192    0.0000    0.0000    0.0000    0.6192    0.6101    0.0000
     0.995    0.0359    0.6213    0.0000    0.0000    0.0000    0.6213    0.6123    0.0000
     1.000    0.0138    0.6231    0.0000    0.0000    0.0000    0.6231    0.6144    0.0000
     1.005    0.0045    0.6246    0.0000    0.0000    0.0000    0.6246    0.6161    0.0000
     1.010    0.0012    0.6258    0.0000    0.0000    0.0000    0.6258    0.6176    0.0000
     1.015    0.0003    0.6268    0.0000    0.0000    0.0000    0.6268    0.6191    0.0000
     1.020    0.0001    0.6277    0.0000    0.0000    0.0000    0.6277    0.6204    0.0000
     1.025    0.0000    0.6284    0.0000    0.0000    0.0000    0.6284    0.6216    0.0000
     1.030    0.0000    0.6290    0.0000    0.0000    0.0000    0.6290    0.6229    0.0000
     1.035    0.0000    0.6295    0.0000    0.0000    0.0000    0.6295    0.6241    0.0000
     1.040    0.0000    0.6300    0.0000    0.0000    0.0000    0.6300    0.6253    0.0000
     1.045    0.0000    0.6305    0.0000    0.0000    0.0000    0.6305    0.6266    0.0000
     1.050    0.0000    0.6310    0.0000    0.0000    0.0000    0.6310    0.6280    0.0000
     1.055    0.0000    0.6319    0.0000    0.0000    0.0000    0.6319    0.6298    0.0000
     1.060    0.0000    0.6328    0.0000    0.0000    0.0000    0.6328    0.6316    0.0000
     1.065    0.0000    0.6336    0.0000    0.0000    0.0000    0.6336    0.6336    0.0000
     1.070    0.0000    0.6345    0.0000    0.0000    0.0000    0.6345    0.6357    0.0000
     1.075    0.0000    0.6354    0.0000    0.0000    0.0000    0.6354    0.6378    0.0000
     1.080    0.0000    0.6362    0.0000    0.0000    0.0000    0.6362    0.6398    0.0000
     1.085    0.0000    0.6369    0.0002    0.0000    0.0000    0.6369    0.6419    0.0000
     1.090    0.0000    0.6376    0.0006    0.0000    0.0000    0.6376    0.6438    0.0000
     1.095    0.0000    0.6382    0.0021    0.0000    0.0000    0.6382    0.6456    0.0000
     1.100    0.0000    0.6387    0.0061    0.0000    0.0000    0.6387    0.6472    0.0000
     1.105    0.0000    0.6389    0.0158    0.0000    0.0000    0.6389    0.6483    0.0000
     1.110    0.0000    0.6389    0.0360    0.0000    0.0000    0.6389    0.6492    0.0000
     1.115    0.0000    0.6388    0.0725    0.0000    0.0000    0.6388    0.6498    0.0000
     1.120    0.0000    0.6387    0.1297    0.0000    0.0000    0.6387    0.6503    0.0000
     1.125    0.0000    0.6385    0.2076    0.0000    0.0000    0.6385    0.6506    0.0000
     1.130    0.0000    0.6383    0.2999    0.0000    0.0000    0.6383    0.6508    0.0000
     1.135    0.0000    0.6381    0.3948    0.0000    0.0000    0.6381    0.6510    0.0000
     1.140    0.0000    0.6379    0.4795    0.0000    0.0000    0.6380    0.6511    0.0000
     1.145    0.0000    0.6377    0.5453    0.0000    0.0000    0.6380    0.6513    0.0000
     1.150    0.0000    0.6372    0.5898    0.0000    0.0000    0.6381    0.6517    0.0000
     1.155    0.0000    0.6360    0.6163    0.0000    0.0000    0.6386    0.6524    0.0000
     1.160    0.0000    0.6323    0.6302    0.0000    0.0000    0.6393    0.6533    0.0000
     1.165    0.0000    0.6231    0.6368    0.0000    0.0000    0.6401    0.6543    0.0000
     1.170    0.0000    0.6041    0.6399    0.0000    0.0000    0.6410    0.6555    0.0000
     1.175    0.0000    0.5703    0.6416    0.0000    0.0000    0.6419    0.6568    0.0000
     1.180    0.0000    0.5176    0.6428    0.0000    0.0000    0.6429    0.6581    0.0000
     1.185    0.0000    0.4456    0.6438    0.0000    0.0000    0.6439    0.6595    0.0000
     1.190    0.0000    0.3591    0.6448    0.0000    0.0000    0.6448    0.6608    0.0000
     1.195    0.0000    0.2679    0.6456    0.0000    0.0000    0.6456    0.6621    0.0000
     1.200    0.0000    0.1831    0.6463    0.0000    0.0000    0.6463    0.6632    0.0000
     1.205    0.0000    0.1137    0.6467    0.0000    0.0000    0.6467    0.6640    0.0000
     1.210    0.0000    0.0638    0.6470    0.0000    0.0000    0.6470    0.6647    0.0000
     1.215    0.0000    0.0321    0.6471    0.0000    0.0000    0.6471    0.6653    0.0000
     1.220    0.0000    0.0145    0.6472    0.0000    0.0000    0.6472    0.6658    0.0000
     1.225    0.0000    0.0058    0.6473    0.0000    0.0000    0.6473    0.6663    0.0000
     1.230    0.0000    0.0021    0.6473    0.0000    0.0000    0.6473    0.6667    0.0000
     1.235    0.0000    0.0007    0.6473    0.0000    0.0000    0.6473    0.6671    0.0000
     1.240    0.0000    0.0002    0.6473    0.0000    0.0000    0.6473    0.6676    0.0000
     1.245    0.0000    0.0000    0.6473    0.0000    0.0000    0.6473    0.6680    0.0000
     1.250    0.0000    0.0000    0.6473    0.0000    0.0000    0.6473    0.6684    0.0000
     1.255    0.0000    0.0000    0.6476    0.0000    0.0000    0.6476    0.6692    0.0000
     1.260    0.0000    0.0000    0.6480    0.0000    0.0000    0.6480    0.6698    0.0000
     1.265    0.0000    0.0000    0.6483    0.0000    0.0000    0.6483    0.6704    0.0000
     1.270    0.0000    0.0000    0.6487    0.0000    0.0000    0.6487    0.6709    0.0000
     1.275    0.0000    0.0000    0.6489    0.0000    0.0000    0.6489    0.6713    0.0000
     1.280    0.0000    0.0000    0.6490    0.0000    0.0000    0.6490    0.6714    0.0000
     1.285    0.0000    0.0000    0.6491    0.0000    0.0000    0.6491    0.6714    0.0000
     1.290    0.0000    0.0000    0.6490    0.0000    0.0000    0.6490    0.6711    0.0000
     1.295    0.0000    0.0000    0.6487    0.0000    0.0000    0.6487    0.6705    0.0001
     1.300    0.0000    0.0000    0.6482    0.0000    0.0000    0.6482    0.6697    0.0004
     1.305    0.0000    0.0000    0.6473    0.0000    0.0000    0.6473    0.6683    0.0011
     1.310    0.0000    0.0000    0.6462    0.0000    0.0000    0.6462    0.6666    0.0028
     1.315    0.0000    0.0000    0.6450    0.0000    0.0000    0.6450    0.6648    0.0065
     1.320    0.0000    0.0000    0.6436    0.0001    0.0000    0.6436    0.6628    0.0140
     1.325    0.0000    0.0000    0.6421    0.0002    0.0000    0.6421    0.6606    0.0276
     1.330    0.0000    0.0000    0.6407    0.0006    0.0000    0.6407    0.6585    0.0500
     1.335    0.0000    0.0000    0.6393    0.0017    0.0000    0.6393    0.6564    0.0833
     1.340    0.0000    0.0000    0.6379    0.0042    0.0000    0.6379    0.6544    0.1281
     1.345    0.0000    0.0000    0.6366    0.0096    0.0000    0.6366    0.6526    0.1828
     1.350    0.0000    0.0000    0.6355    0.0201    0.0000    0.6355    0.6510    0.2431
     1.355    0.0000    0.0000    0.6348    0.0386    0.0000    0.6348    0.6498    0.3037
     1.360    0.0000    0.0000    0.6342    0.0684    0.0000    0.6342    0.6488    0.3586
     1.365    0.0000    0.0000    0.6337    0.1119    0.0000    0.6337    0.6481    0.4038
     1.370    0.0000    0.0000    0.6333    0.1697    0.0000    0.6333    0.6475    0.4375
     1.375    0.0000    0.0000    0.6331    0.2396    0.0000    0.6331    0.6472    0.4604
     1.380    0.0000    0.0000    0.6329    0.3165    0.0000    0.6329    0.6471    0.4745
     1.385    0.0000    0.0000    0.6329    0.3934    0.0000    0.6329    0.6472    0.4825
     1.390    0.0000    0.0000    0.6328    0.4633    0.0000    0.6329    0.6474    0.4868
     1.395    0.0000    0.0000    0.6328    0.5212    0.0000    0.6329    0.6478    0.4890
     1.400    0.0000    0.0000    0.6326    0.5647    0.0000    0.6330    0.6483    0.4902
     1.405    0.0000    0.0000    0.6318    0.5945    0.0000    0.6331    0.6487    0.4908
     1.410    0.0000    0.0000    0.6301    0.6131    0.0000    0.6331    0.6493    0.4912
     1.415    0.0000    0.0000    0.6263    0.6237    0.0000    0.6333    0.6500    0.4916
     1.420    0.0000    0.0000    0.6189    0.6292    0.0000    0.6334    0.6507    0.4920
     1.425    0.0000    0.0000    0.6056    0.6319    0.0000    0.6336    0.6515    0.4923
     1.430    0.0000    0.0000    0.5836    0.6332    0.0000    0.6338    0.6524    0.4926
     1.435    0.0000    0.0000    0.5503    0.6339    0.0000    0.6341    0.6533    0.4929
     1.440    0.0000    0.0000    0.5040    0.6342    0.0000    0.6343    0.6542    0.4931
     1.445    0.0000    0.0000    0.4451    0.6345    0.0000    0.6346    0.6551    0.4933
     1.450    0.0000    0.0000    0.3764    0.6348    0.0000    0.6348    0.6560    0.4935
     1.455    0.0000    0.0000    0.3026    0.6350    0.0000    0.6350    0.6569    0.4935
     1.460    0.0000    0.0000    0.2301    0.6352    0.0000    0.6352    0.6577    0.4936
     1.465    0.0000    0.0000    0.1646    0.6354    0.0000    0.6354    0.6585    0.4936
     1.470    0.0000    0.0000    0.1104    0.6356    0.0000    0.6356    0.6592    0.4936
     1.475    0.0000    0.0000    0.0691    0.6358    0.0000    0.6358    0.6599    0.4935
     1.480    0.0000    0.0000    0.0403    0.6360    0.0000    0.6360    0.6606    0.4934
     1.485    0.0000    0.0000    0.0218    0.6362    0.0000    0.6362    0.6612    0.4933
     1.490    0.0000    0.0000    0.0110    0.6363    0.0000    0.6363    0.6617    0.4931
     1.495    0.0000    0.0000    0.0051    0.6364    0.0000    0.6364    0.6622    0.4928
     1.500    0.0000    0.0000    0.0022    0.6366    0.0000    0.6366    0.6627    0.4925
     1.505    0.0000    0.0000    0.0009    0.6367    0.0000    0.6367    0.6631    0.4922
     1.510    0.0000    0.0000    0.0003    0.6368    0.0000    0.6368    0.6635    0.4919
     1.515    0.0000    0.0000    0.0001    0.6369    0.0000    0.6369    0.6639    0.4915
     1.520    0.0000    0.0000    0.0000    0.6371    0.0000    0.6371    0.6642    0.4911
     1.525    0.0000    0.0000    0.0000    0.6372    0.0000    0.6372    0.6645    0.4906
     1.530    0.0000    0.0000    0.0000    0.6372    0.0000    0.6372    0.6648    0.4902
     1.535    0.0000    0.0000    0.0000    0.6373    0.0000    0.6373    0.6651    0.4896
     1.540    0.0000    0.0000    0.0000    0.6374    0.0000    0.6374    0.6654    0.4891
     1.545    0.0000    0.0000    0.0000    0.6374    0.0000    0.6374    0.6657    0.4885
     1.550    0.0000    0.0000    0.0000    0.6375    0.0000    0.6375    0.6659    0.4879
     1.555    0.0000    0.0000    0.0000    0.6376    0.0000    0.6376    0.6662    0.4873
     1.560    0.0000    0.0000    0.0000    0.6377    0.0000    0.6377    0.6665    0.4867
     1.565    0.0000    0.0000    0.0000    0.6379    0.0000    0.6379    0.6668    0.4861
     1.570    0.0000    0.0000    0.0000    0.6380    0.0000    0.6380    0.6671    0.4854
     1.575    0.0000    0.0000    0.0000    0.6380    0.0000    0.6380    0.6673    0.4846
     1.580    0.0000    0.0000    0.0000    0.6380    0.0000    0.6380    0.6675    0.4838
     1.585    0.0000    0.0000    0.0000    0.6379    0.0000    0.6379    0.6675    0.4830
     1.590    0.0000    0.0000    0.0000    0.6377    0.0000    0.6377    0.6674    0.4820
     1.595    0.0000    0.0000    0.0000    0.6374    0.0000    0.6374    0.6671    0.4809
     1.600    0.0000    0.0000    0.0000    0.6370    0.0000    0.6370    0.6666    0.4797
     1.605    0.0000    0.0000    0.0000    0.6365    0.0000    0.6365    0.6659    0.4784
     1.610    0.0000    0.0000    0.0000    0.6358    0.0001    0.6358    0.6650    0.4770
     1.615    0.0000    0.0000    0.0000    0.6350    0.0002    0.6350    0.6640    0.4755
     1.620    0.0000    0.0000    0.0000    0.6342    0.0004    0.6342    0.6628    0.4739
     1.625    0.0000    0.0000    0.0000    0.6332    0.0010    0.6332    0.6616    0.4723
     1.630    0.0000    0.0000    0.0000    0.6322    0.0023    0.6322    0.6603    0.4706
     1.635    0.0000    0.0000    0.0000    0.6312    0.0047    0.6312    0.6590    0.4688
     1.640    0.0000    0.0000    0.0000    0.6301    0.0092    0.6301    0.6578    0.4670
     1.645    0.0000    0.0000    0.0000    0.6290    0.0169    0.6290    0.6565    0.4652
     1.650    0.0000    0.0000    0.0000    0.6279    0.0295    0.6279    0.6553    0.4634
     1.655    0.0000    0.0000    0.0000    0.6263    0.0486    0.6263    0.6535    0.4611
     1.660    0.0000    0.0000    0.0000    0.6245    0.0759    0.6245    0.6516    0.4588
     1.665    0.0000    0.0000    0.0000    0.6227    0.1124    0.6227    0.6498    0.4564
     1.670    0.0000    0.0000    0.0000    0.6210    0.1582    0.6210    0.6480    0.4541
     1.675    0.0000    0.0000    0.0000    0.6194    0.2121    0.6194    0.6464    0.4519
     1.680    0.0000    0.0000    0.0000    0.6180    0.2716    0.6180    0.6450    0.4498
     1.685    0.0000    0.0000    0.0000    0.6170    0.3334    0.6170    0.6440    0.4479
     1.690    0.0000    0.0000    0.0000    0.6164    0.3937    0.6164    0.6434    0.4464
     1.695    0.0000    0.0000    0.0000    0.6162    0.4491    0.6162    0.6434    0.4452
     1.700    0.0000    0.0000    0.0000    0.6166    0.4970    0.6167    0.6439    0.4444
     1.705    0.0000    0.0000    0.0000    0.6183    0.5369    0.6186    0.6461    0.4446
     1.710    0.0000    0.0000    0.0000    0.6206    0.5682    0.6212    0.6489    0.4454
     1.715    0.0000    0.0000    0.0000    0.6229    0.5917    0.6243    0.6523    0.4464
     1.720    0.0000    0.0000    0.0000    0.6247    0.6087    0.6277    0.6560    0.4477
     1.725    0.0000    0.0000    0.0000    0.6255    0.6208    0.6312    0.6598    0.4490
     1.730    0.0000    0.0000    0.0000    0.6240    0.6294    0.6348    0.6636    0.4503
     1.735    0.0000    0.0000    0.0000    0.6190    0.6356    0.6382    0.6673    0.4516
     1.740    0.0000    0.0000    0.0000    0.6088    0.6401    0.6414    0.6706    0.4525
     1.745    0.0000    0.0000    0.0000    0.5917    0.6435    0.6440    0.6733    0.4532
     1.750    0.0000    0.0000    0.0000    0.5660    0.6458    0.6460    0.6753    0.4533
     1.755    0.0000    0.0000    0.0000    0.5304    0.6469    0.6469    0.6760    0.4527
     1.760    0.0000    0.0000    0.0000    0.4854    0.6473    0.6473    0.6761    0.4517
     1.765    0.0000    0.0000    0.0000    0.4321    0.6472    0.6473    0.6756    0.4503
     1.770    0.0000    0.0000    0.0000    0.3727    0.6467    0.6467    0.6745    0.4487
     1.775    0.0000    0.0000    0.0000    0.3105    0.6457    0.6457    0.6729    0.4467
     1.780    0.0000    0.0000    0.0000    0.2489    0.6444    0.6444    0.6707    0.4445
     1.785    0.0000    0.0000    0.0000    0.1916    0.6426    0.6426    0.6681    0.4420
     1.790    0.0000    0.0000    0.0000    0.1413    0.6406    0.6406    0.6652    0.4393
     1.795    0.0000    0.0000    0.0000    0.0996    0.6383    0.6383    0.6619    0.4364
     1.800    0.0000    0.0000    0.0000    0.0669    0.6357    0.6357    0.6584    0.4333
     1.805    0.0000    0.0000    0.0000    0.0429    0.6329    0.6329    0.6547    0.4302
     1.810    0.0000    0.0000    0.0000    0.0261    0.6298    0.6298    0.6507    0.4267
     1.815    0.0000    0.0000    0.0000    0.0151    0.6264    0.6264    0.6464    0.4231
     1.820    0.0000    0.0000    0.0000    0.0083    0.6228    0.6228    0.6420    0.4194
     1.825    0.0000    0.0000    0.0000    0.0044    0.6191    0.6191    0.6376    0.4157
     1.830    0.0000    0.0000    0.0000    0.0022    0.6155    0.6155    0.6333    0.4119
     1.835    0.0000    0.0000    0.0000    0.0010    0.6119    0.6119    0.6291    0.4083
     1.840    0.0000    0.0000    0.0000    0.0005    0.6085    0.6085    0.6251    0.4047
     1.845    0.0000    0.0000    0.0000    0.0002    0.6053    0.6053    0.6216    0.4014
     1.850    0.0000    0.0000    0.0000    0.0001    0.6025    0.6025    0.6184    0.3982
     1.855    0.0000    0.0000    0.0000    0.0000    0.6006    0.6006    0.6164    0.3958
     1.860    0.0000    0.0000    0.0000    0.0000    0.5991    0.5991    0.6149    0.3935
     1.865    0.0000    0.0000    0.0000    0.0000    0.5979    0.5979    0.6137    0.3914
     1.870    0.0000    0.0000    0.0000    0.0000    0.5969    0.5969    0.6129    0.3894
     1.875    0.0000    0.0000    0.0000    0.0000    0.5960    0.5960    0.6123    0.3875
     1.880    0.0000    0.0000    0.0000    0.0000    0.5952    0.5952    0.6119    0.3855
     1.885    0.0000    0.0000    0.0000    0.0000    0.5943    0.5943    0.6116    0.3832
     1.890    0.0000    0.0000    0.0000    0.0000    0.5934    0.5934    0.6113    0.3806
     1.895    0.0000    0.0000    0.0000    0.0000    0.5923    0.5923    0.6110    0.3773
     1.900    0.0000    0.0000    0.0000    0.0000    0.5910    0.5910    0.6105    0.3728
     1.905    0.0000    0.0000    0.0000    0.0000    0.5891    0.5891    0.6094    0.3666
     1.910    0.0000    0.0000    0.0000    0.0000    0.5870    0.5870    0.6081    0.3583
     1.915    0.0000    0.0000    0.0000    0.0000    0.5847    0.5847    0.6066    0.3473
     1.920    0.0000    0.0000    0.0000    0.0000    0.5822    0.5822    0.6050    0.3331
     1.925    0.0000    0.0000    0.0000    0.0000    0.5795    0.5795    0.6031    0.3151
     1.930    0.0000    0.0000    0.0000    0.0000    0.5765    0.5765    0.6009    0.2932
     1.935    0.0000    0.0000    0.0000    0.0000    0.5731    0.5731    0.5982    0.2674
     1.940    0.0000    0.0000    0.0000    0.0000    0.5690    0.5690    0.5948    0.2385
     1.945    0.0000    0.0000    0.0000    0.0000    0.5640    0.5640    0.5903    0.2074
     1.950    0.0000    0.0000    0.0000    0.0000    0.5574    0.5574    0.5842    0.1753
     1.955    0.0000    0.0000    0.0000    0.0000    0.5495    0.5495    0.5766    0.1440
     1.960    0.0000    0.0000    0.0000    0.0000    0.5385    0.5385    0.5658    0.1144
     1.965    0.0000    0.0000    0.0000    0.0000    0.5235    0.5235    0.5508    0.0879
     1.970    0.0000    0.0000    0.0000    0.0000    0.5037    0.5037    0.5305    0.0651
     1.975    0.0000    0.0000    0.0000    0.0000    0.4781    0.4781    0.5041    0.0464
     1.980    0.0000    0.0000    0.0000    0.0000    0.4464    0.4464    0.4712    0.0318
     1.985    0.0000    0.0000    0.0000    0.0000    0.4088    0.4088    0.4321    0.0209
     1.990    0.0000    0.0000    0.0000    0.0000    0.3661    0.3661    0.3874    0.0132
     1.995    0.0000    0.0000    0.0000    0.0000    0.3197    0.3197    0.3388    0.0080
     2.000    0.0000    0.0000    0.0000    0.0000    0.2716    0.2716    0.2881    0.0046
     2.005    0.0000    0.0000    0.0000    0.0000    0.2241    0.2241    0.2381    0.0026
     2.010    0.0000    0.0000    0.0000    0.0000    0.1791    0.1791    0.1906    0.0014
     2.015    0.0000    0.0000    0.0000    0.0000    0.1384    0.1384    0.1475    0.0007
     2.020    0.0000    0.0000    0.0000    0.0000    0.1033    0.1033    0.1102    0.0003
     2.025    0.0000    0.0000    0.0000    0.0000    0.0742    0.0742    0.0793    0.0002
     2.030    0.0000    0.0000    0.0000    0.0000    0.0514    0.0514    0.0550    0.0001
     2.035    0.0000    0.0000    0.0000    0.0000    0.0342    0.0342    0.0367    0.0000
     2.040    0.0000    0.0000    0.0000    0.0000    0.0219    0.0219    0.0235    0.0000
     2.045    0.0000    0.0000    0.0000    0.0000    0.0134    0.0134    0.0144    0.0000
     2.050    0.0000    0.0000    0.0000    0.0000    0.0079    0.0079    0.0085    0.0000
     2.055    0.0000    0.0000    0.0000    0.0000    0.0045    0.0045    0.0048    0.0000
     2.060    0.0000    0.0000    0.0000    0.0000    0.0024    0.0024    0.0026    0.0000
     2.065    0.0000    0.0000    0.0000    0.0000    0.0013    0.0013    0.0014    0.0000
     2.070    0.0000    0.0000    0.0000    0.0000    0.0006    0.0006    0.0007    0.0000
     2.075    0.0000    0.0000    0.0000    0.0000    0.0003    0.0003    0.0003    0.0000
     2.080    0.0000    0.0000    0.0000    0.0000    0.0001    0.0001    0.0001    0.0000
     2.085    0.0000    0.0000    0.0000    0.0000    0.0001    0.0001    0.0001    0.0000
     2.090    0.0000    0.0000    0.0000    0.0000    0.0000    0.0000    0.0000    0.0000
     2.095    0.0000    0.0000    0.0000    0.0000    0.0000    0.0000    0.0000    0.0000
     2.100    0.0000    0.0000    0.0000    0.0000    0.0000    0.0000    0.0000    0.0000
     2.105    0.0000    0.0000    0.0000    0.0000    0.0000    0.0000    0.0000    0.0000
     2.110    0.0000    0.0000    0.0000    0.0000    0.0000    0.0000    0.0000    0.0000
     2.115    0.0000    0.0000    0.0000    0.0000    0.0000    0.0000    0.0000    0.0000
     2.120    0.0000    0.0000    0.0000    0.0000    0.0000    0.0000    0.0000    0.0000
     2.125    0.0000    0.0000    0.0000    0.0000    0.0000    0.0000    0.0000    0.0000
     2.130    0.0000    0.0000    0.0000    0.0000    0.0000    0.0000    0.0000    0.0000
     2.135    0.0000    0.0000    0.0000    0.0000    0.0000    0.0000    0.0000    0.0000
     2.140    0.0000    0.0000    0.0000    0.0000    0.0000    0.0000    0.0000    0.0000
     2.145    0.0000    0.0000    0.0000    0.0000    0.0000    0.0000    0.0000    0.0000
     2.150    0.0000    0.0000    0.0000    0.0000    0.0000    0.0000    0.0000    0.0000
     2.155    0.0000    0.0000    0.0000    0.0000    0.0000    0.0000    0.0000    0.0000
     2.160    0.0000    0.0000    0.0000    0.0000    0.0000    0.0000    0.0000    0.0000
     2.165    0.0000    0.0000    0.0000    0.0000    0.0000    0.0000    0.0000    0.0000
     2.170    0.0000    0.0000    0.0000    0.0000    0.0000    0.0000    0.0000    0.0000
     2.175    0.0000    0.0000    0.0000    0.0000    0.0000    0.0000    0.0000    0.0000
     2.180    0.0000    0.0000    0.0000    0.0000    0.0000    0.0000    0.0000    0.0000
     2.185    0.0000    0.0000    0.0000    0.0000    0.0000    0.0000    0.0000    0.0000
     2.190    0.0000    0.0000    0.0000    0.0000    0.0000    0.0000    0.0000    0.0000
     2.195    0.0000    0.0000    0.0000    0.0000    0.0000    0.0000    0.0000    0.0000
     2.200    0.0000    0.0000    0.0000    0.0000    0.0000    0.0000    0.0000    0.0000
