  0 a  0  0.000000000e+00 -9.820989536e-08  4.031388416e-11  9.772879297e-16 -3.558969746e-17
  0 a  1  3.053458140e-05 -1.272681160e-09 -2.411494195e-14  1.068581214e-18  0.000000000e+00
  0 a  2 -1.801729841e-10  4.110657659e-14  9.920611832e-17  0.000000000e+00  0.000000000e+00
  0 a  3 -7.977877482e-15  1.076434913e-16  0.000000000e+00  0.000000000e+00  0.000000000e+00
  0 a  4 -1.016574008e-17  0.000000000e+00  0.000000000e+00  0.000000000e+00  0.000000000e+00
  0 b  0  0.000000000e+00  2.995930181e-05 -9.360775330e-10 -1.667700210e-14 -1.250067463e-18
  0 b  1 -8.150414651e-08 -1.575773573e-10 -8.775260589e-15  3.481605786e-17  0.000000000e+00
  0 b  2  2.896278427e-10  3.407435142e-14 -1.160812891e-18  0.000000000e+00  0.000000000e+00
  0 b  3 -1.345153802e-13 -1.186231101e-16  0.000000000e+00  0.000000000e+00  0.000000000e+00
  0 b  4 -7.171713468e-17  0.000000000e+00  0.000000000e+00  0.000000000e+00  0.000000000e+00
  1 a  0  0.000000000e+00 -6.659761525e-08  1.345684861e-11  4.898050061e-14 -2.399665368e-17
  1 a  1  3.031982848e-05 -1.162788739e-09 -3.720084984e-14 -8.120431439e-18  0.000000000e+00
  1 a  2 -2.430912085e-10 -1.455619521e-13 -3.770833133e-17  0.000000000e+00  0.000000000e+00
  1 a  3 -7.364071415e-14  7.221460486e-17  0.000000000e+00  0.000000000e+00  0.000000000e+00
  1 a  4  2.175958883e-17  0.000000000e+00  0.000000000e+00  0.000000000e+00  0.000000000e+00
  1 b  0  0.000000000e+00  2.932180174e-05 -1.212366345e-09  1.095383083e-14 -9.437649165e-18
  1 b  1 -1.737352407e-07 -3.640235454e-10 -6.001694446e-14  2.565458736e-17  0.000000000e+00
  1 b  2 -4.009209769e-11 -3.377937687e-14 -1.028488455e-17  0.000000000e+00  0.000000000e+00
  1 b  3  1.628470984e-13  9.618957650e-17  0.000000000e+00  0.000000000e+00  0.000000000e+00
  1 b  4 -8.376044985e-17  0.000000000e+00  0.000000000e+00  0.000000000e+00  0.000000000e+00
  2 a  0  0.000000000e+00  2.203486831e-07 -3.180410223e-10  1.474813459e-13 -1.798389229e-17
  2 a  1 -3.007535455e-05  9.749909992e-10 -7.622696140e-14 -3.683076090e-17  0.000000000e+00
  2 a  2  2.875883460e-10  8.391003414e-14 -4.423638649e-18  0.000000000e+00  0.000000000e+00
  2 a  3  3.660481434e-14  2.868347668e-17  0.000000000e+00  0.000000000e+00  0.000000000e+00
  2 a  4  1.176766858e-17  0.000000000e+00  0.000000000e+00  0.000000000e+00  0.000000000e+00
  2 b  0  0.000000000e+00 -2.860808740e-05  1.734438342e-09 -2.164694690e-14 -3.154897168e-17
  2 b  1  6.367053828e-08  6.754621289e-10 -5.543056180e-14  1.548037158e-17  0.000000000e+00
  2 b  2  8.483386723e-10  5.229488844e-14  1.195371583e-17  0.000000000e+00  0.000000000e+00
  2 b  3  5.151412920e-14  4.427844506e-18  0.000000000e+00  0.000000000e+00  0.000000000e+00
  2 b  4 -1.349002453e-18  0.000000000e+00  0.000000000e+00  0.000000000e+00  0.000000000e+00
  3 a  0  0.000000000e+00 -2.946491141e-07  8.493050200e-11 -8.724541860e-14 -7.401218684e-18
  3 a  1  3.041310270e-05 -4.617178759e-10  3.144304805e-14 -5.178935575e-17  0.000000000e+00
  3 a  2 -5.574723924e-10 -4.774596326e-14 -1.752703960e-17  0.000000000e+00  0.000000000e+00
  3 a  3  1.001326458e-16  2.860962249e-17  0.000000000e+00  0.000000000e+00  0.000000000e+00
  3 a  4 -7.059348822e-18  0.000000000e+00  0.000000000e+00  0.000000000e+00  0.000000000e+00
  3 b  0  0.000000000e+00  3.001357566e-05 -9.926345376e-10  2.534946735e-14  2.673344631e-18
  3 b  1 -2.021633873e-07 -6.297100456e-10  7.636240422e-14  3.858282382e-17  0.000000000e+00
  3 b  2 -5.840302550e-10 -4.101587308e-14  8.192790038e-17  0.000000000e+00  0.000000000e+00
  3 b  3  1.862432199e-14  3.156004901e-17  0.000000000e+00  0.000000000e+00  0.000000000e+00
  3 b  4  5.856387345e-19  0.000000000e+00  0.000000000e+00  0.000000000e+00  0.000000000e+00
  4 a  0  0.000000000e+00 -3.480105207e-07  2.193315818e-10 -1.645911544e-14 -1.791946884e-17
  4 a  1  3.019152795e-05 -7.813898623e-10 -4.233066689e-14 -7.888287717e-18  0.000000000e+00
  4 a  2 -4.455971900e-10 -1.346905898e-14 -3.850725188e-17  0.000000000e+00  0.000000000e+00
  4 a  3 -1.725065573e-14 -3.112568319e-17  0.000000000e+00  0.000000000e+00  0.000000000e+00
  4 a  4  1.050906960e-18  0.000000000e+00  0.000000000e+00  0.000000000e+00  0.000000000e+00
  4 b  0  0.000000000e+00  2.939085109e-05 -1.173684824e-09 -8.798931153e-15 -1.495946697e-18
  4 b  1 -3.148760742e-07 -6.505001257e-10  2.205445347e-14  1.736157906e-17  0.000000000e+00
  4 b  2 -4.753027065e-10  1.372680781e-14  1.888228471e-17  0.000000000e+00  0.000000000e+00
  4 b  3  1.044654972e-14  5.099281174e-17  0.000000000e+00  0.000000000e+00  0.000000000e+00
  4 b  4  4.905344105e-17  0.000000000e+00  0.000000000e+00  0.000000000e+00  0.000000000e+00
  5 a  0  0.000000000e+00  3.667584745e-07  5.139766971e-11  1.237575194e-13  1.303522056e-17
  5 a  1 -2.995593509e-05  1.234313415e-09 -1.929748308e-14 -1.584979042e-17  0.000000000e+00
  5 a  2  4.990083863e-10 -9.094720649e-14 -1.220150610e-17  0.000000000e+00  0.000000000e+00
  5 a  3 -3.423678674e-14 -3.173210254e-17  0.000000000e+00  0.000000000e+00  0.000000000e+00
  5 a  4 -1.815988224e-17  0.000000000e+00  0.000000000e+00  0.000000000e+00  0.000000000e+00
  5 b  0  0.000000000e+00 -2.870317248e-05  1.340616679e-09  5.102515294e-14  1.714823819e-17
  5 b  1  4.325990155e-07  4.987085522e-10 -1.830020740e-13 -9.774768272e-18  0.000000000e+00
  5 b  2  1.638059416e-10  3.317769446e-14 -1.149088590e-17  0.000000000e+00  0.000000000e+00
  5 b  3  5.129363175e-14  1.604565665e-17  0.000000000e+00  0.000000000e+00  0.000000000e+00
  5 b  4  2.737524957e-17  0.000000000e+00  0.000000000e+00  0.000000000e+00  0.000000000e+00
  6 a  0  0.000000000e+00 -3.532894976e-07 -6.893454251e-11  1.922594324e-14 -9.060414279e-18
  6 a  1  3.015800241e-05 -5.184680748e-10 -4.662192627e-14 -3.034371516e-17  0.000000000e+00
  6 a  2 -7.249449640e-10  1.385072665e-13 -2.021076328e-17  0.000000000e+00  0.000000000e+00
  6 a  3  6.754756286e-15  2.040226135e-17  0.000000000e+00  0.000000000e+00  0.000000000e+00
  6 a  4  9.968099500e-19  0.000000000e+00  0.000000000e+00  0.000000000e+00  0.000000000e+00
  6 b  0  0.000000000e+00  3.012518121e-05 -7.187062930e-10 -2.325030923e-14 -1.648886898e-18
  6 b  1 -3.478290204e-07 -6.328986775e-10 -1.527981825e-14  3.675101379e-18  0.000000000e+00
  6 b  2 -1.819231968e-10  2.334683425e-14  2.556983582e-17  0.000000000e+00  0.000000000e+00
  6 b  3 -1.408413679e-13  1.866890949e-17  0.000000000e+00  0.000000000e+00  0.000000000e+00
  6 b  4 -2.541109024e-17  0.000000000e+00  0.000000000e+00  0.000000000e+00  0.000000000e+00
  7 a  0  0.000000000e+00 -5.338130818e-07  2.711402779e-10  3.483418734e-14 -6.453558117e-17
  7 a  1  2.998451064e-05 -7.563554139e-10 -6.978621711e-14 -2.439894283e-17  0.000000000e+00
  7 a  2 -7.869243961e-10  8.568271123e-15 -1.740967508e-17  0.000000000e+00  0.000000000e+00
  7 a  3 -2.416912677e-14  1.050642433e-17  0.000000000e+00  0.000000000e+00  0.000000000e+00
  7 a  4 -8.000235076e-18  0.000000000e+00  0.000000000e+00  0.000000000e+00  0.000000000e+00
  7 b  0  0.000000000e+00  2.958948447e-05 -1.135841246e-09 -3.569930090e-14  2.537469709e-17
  7 b  1 -4.376117072e-07 -9.427160323e-10 -5.070990104e-14  6.703974052e-17  0.000000000e+00
  7 b  2 -4.326161039e-10 -2.425572993e-15  5.468134514e-17  0.000000000e+00  0.000000000e+00
  7 b  3 -5.076050466e-15  4.194013684e-17  0.000000000e+00  0.000000000e+00  0.000000000e+00
  7 b  4  5.868452260e-18  0.000000000e+00  0.000000000e+00  0.000000000e+00  0.000000000e+00
  8 a  0  0.000000000e+00  5.754357970e-07  5.281722447e-10 -4.997064734e-14 -2.762219504e-17
  8 a  1 -2.976554174e-05  8.217316277e-10 -7.684245068e-14  1.698764265e-18  0.000000000e+00
  8 a  2  6.114873195e-10  1.705599037e-14 -6.065426622e-17  0.000000000e+00  0.000000000e+00
  8 a  3 -1.784414693e-14  7.626200473e-18  0.000000000e+00  0.000000000e+00  0.000000000e+00
  8 a  4  4.537665675e-18  0.000000000e+00  0.000000000e+00  0.000000000e+00  0.000000000e+00
  8 b  0  0.000000000e+00 -2.896926977e-05  1.397217153e-09 -3.302067003e-14 -6.116276268e-18
  8 b  1  6.371773131e-07  4.808805541e-11  4.358140200e-14  3.871934216e-17  0.000000000e+00
  8 b  2  5.359271745e-10  2.603318393e-14 -1.678887134e-17  0.000000000e+00  0.000000000e+00
  8 b  3 -1.737411736e-14  8.018550000e-17  0.000000000e+00  0.000000000e+00  0.000000000e+00
  8 b  4 -2.410144662e-17  0.000000000e+00  0.000000000e+00  0.000000000e+00  0.000000000e+00
  9 a  0  0.000000000e+00  1.240688007e-07 -2.965224540e-10  2.025500468e-14  1.125861614e-17
  9 a  1  3.054204698e-05 -6.549370538e-10 -1.117288000e-13 -4.203416357e-17  0.000000000e+00
  9 a  2  1.930903855e-10 -1.222399303e-13  5.707236298e-17  0.000000000e+00  0.000000000e+00
  9 a  3 -4.723311332e-14  1.851516263e-17  0.000000000e+00  0.000000000e+00  0.000000000e+00
  9 a  4 -7.494182021e-18  0.000000000e+00  0.000000000e+00  0.000000000e+00  0.000000000e+00
  9 b  0  0.000000000e+00  2.996821664e-05 -1.093409312e-09  3.649107630e-15  9.913484346e-18
  9 b  1  3.952003110e-08  5.146864111e-10 -4.055670845e-14 -1.653077382e-17  0.000000000e+00
  9 b  2 -4.056528137e-10  5.057867796e-14  9.016197209e-17  0.000000000e+00  0.000000000e+00
  9 b  3  1.314127915e-13 -8.367340052e-17  0.000000000e+00  0.000000000e+00  0.000000000e+00
  9 b  4  2.437246089e-19  0.000000000e+00  0.000000000e+00  0.000000000e+00  0.000000000e+00
 10 a  0  0.000000000e+00  8.469937387e-08 -2.735421201e-10  2.910961259e-14  3.125397593e-17
 10 a  1  3.031083113e-05 -1.042117718e-09  3.262666052e-15 -2.850739018e-17  0.000000000e+00
 10 a  2  1.386167770e-10  1.592309357e-13 -3.840621038e-18  0.000000000e+00  0.000000000e+00
 10 a  3 -2.029058963e-14  3.715317307e-17  0.000000000e+00  0.000000000e+00  0.000000000e+00
 10 a  4 -6.909820950e-19  0.000000000e+00  0.000000000e+00  0.000000000e+00  0.000000000e+00
 10 b  0  0.000000000e+00  2.931507600e-05 -1.185375699e-09 -1.995998084e-14 -5.304260677e-18
 10 b  1  1.392751713e-07  4.953879603e-10 -8.897580435e-15 -4.223044197e-17  0.000000000e+00
 10 b  2 -1.783387224e-10 -3.187294000e-14  1.747328281e-17  0.000000000e+00  0.000000000e+00
 10 b  3 -1.680776638e-13 -2.333403370e-17  0.000000000e+00  0.000000000e+00  0.000000000e+00
 10 b  4 -5.311318522e-17  0.000000000e+00  0.000000000e+00  0.000000000e+00  0.000000000e+00
 11 a  0  0.000000000e+00 -1.194141308e-07  2.071070206e-10  1.799653823e-14  1.778588120e-17
 11 a  1 -3.005687159e-05  5.337201161e-10  2.833744197e-14 -1.434374543e-18  0.000000000e+00
 11 a  2 -7.547424014e-11 -1.553481486e-13 -4.453913051e-17  0.000000000e+00  0.000000000e+00
 11 a  3  4.207377744e-14 -3.101466438e-18  0.000000000e+00  0.000000000e+00  0.000000000e+00
 11 a  4  2.703987032e-17  0.000000000e+00  0.000000000e+00  0.000000000e+00  0.000000000e+00
 11 b  0  0.000000000e+00 -2.859152226e-05  1.470034678e-09  1.414380898e-14 -3.969492235e-18
 11 b  1 -1.437367057e-07 -2.906045916e-10 -9.454392023e-14 -2.469704406e-17  0.000000000e+00
 11 b  2  1.006284688e-09 -9.035492560e-15 -1.743835498e-17  0.000000000e+00  0.000000000e+00
 11 b  3  1.274975700e-13  6.768274691e-17  0.000000000e+00  0.000000000e+00  0.000000000e+00
 11 b  4 -1.999235784e-17  0.000000000e+00  0.000000000e+00  0.000000000e+00  0.000000000e+00
 12 a  0  0.000000000e+00  2.372387807e-07  5.723595240e-10  1.284636837e-14  6.456461216e-18
 12 a  1  3.041576819e-05 -4.189083224e-10  2.722260865e-14  1.216637346e-18  0.000000000e+00
 12 a  2  4.155658971e-10  6.632401549e-14 -1.219588438e-17  0.000000000e+00  0.000000000e+00
 12 a  3 -1.743436718e-14  1.060099277e-17  0.000000000e+00  0.000000000e+00  0.000000000e+00
 12 a  4  9.012876102e-18  0.000000000e+00  0.000000000e+00  0.000000000e+00  0.000000000e+00
 12 b  0  0.000000000e+00  3.001236922e-05 -9.173195638e-10  2.811303711e-14  5.778702443e-18
 12 b  1  2.513519667e-07 -1.932558202e-10  2.400340159e-14 -4.256437352e-18  0.000000000e+00
 12 b  2 -4.877004902e-10 -3.329648734e-14  1.271383774e-17  0.000000000e+00  0.000000000e+00
 12 b  3 -4.263933572e-14  2.593664060e-17  0.000000000e+00  0.000000000e+00  0.000000000e+00
 12 b  4 -5.304691924e-20  0.000000000e+00  0.000000000e+00  0.000000000e+00  0.000000000e+00
 13 a  0  0.000000000e+00  3.345686947e-07  3.851828071e-10  5.492409696e-14  3.825353128e-18
 13 a  1  3.020230853e-05 -1.232185377e-09 -9.743979693e-14  2.662493380e-17  0.000000000e+00
 13 a  2  3.802404353e-10 -9.031463862e-14 -6.271302544e-17  0.000000000e+00  0.000000000e+00
 13 a  3  2.325088216e-14  2.521067326e-17  0.000000000e+00  0.000000000e+00  0.000000000e+00
 13 a  4  1.425534054e-17  0.000000000e+00  0.000000000e+00  0.000000000e+00  0.000000000e+00
 13 b  0  0.000000000e+00  2.939183656e-05 -1.175573884e-09  1.303875779e-14  1.602230927e-17
 13 b  1  3.136883116e-07 -1.793186122e-11 -1.532973486e-13 -3.870326104e-17  0.000000000e+00
 13 b  2  5.982538571e-11  1.443685076e-13  1.727380843e-17  0.000000000e+00  0.000000000e+00
 13 b  3  2.897221014e-14  2.713725388e-17  0.000000000e+00  0.000000000e+00  0.000000000e+00
 13 b  4  1.591294122e-18  0.000000000e+00  0.000000000e+00  0.000000000e+00  0.000000000e+00
 14 a  0  0.000000000e+00 -3.783203138e-07 -4.774423702e-10 -2.462744787e-14  2.289131560e-17
 14 a  1 -2.995831507e-05  1.076615801e-09 -9.939904553e-14 -5.845336863e-17  0.000000000e+00
 14 a  2 -3.717865118e-10 -4.966118494e-15  6.615859199e-17  0.000000000e+00  0.000000000e+00
 14 a  3 -3.817793356e-15  3.310020049e-17  0.000000000e+00  0.000000000e+00  0.000000000e+00
 14 a  4 -5.166048303e-19  0.000000000e+00  0.000000000e+00  0.000000000e+00  0.000000000e+00
 14 b  0  0.000000000e+00 -2.870397067e-05  1.504792792e-09 -2.662833066e-15 -8.383877471e-20
 14 b  1 -4.004295908e-07  1.204553316e-10  6.577482380e-14 -6.998508554e-18  0.000000000e+00
 14 b  2  4.136013664e-10  5.339208582e-14  6.063403412e-17  0.000000000e+00  0.000000000e+00
 14 b  3  1.486316541e-14 -9.102668806e-17  0.000000000e+00  0.000000000e+00  0.000000000e+00
 14 b  4 -5.174323631e-17  0.000000000e+00  0.000000000e+00  0.000000000e+00  0.000000000e+00
 15 a  0  0.000000000e+00  3.896663454e-07 -1.307973449e-10  9.024705059e-14  4.092746413e-17
 15 a  1  3.018624245e-05 -8.162996030e-10  2.720757655e-14  8.947729794e-18  0.000000000e+00
 15 a  2  6.945359167e-10  4.455782442e-15  3.885014035e-17  0.000000000e+00  0.000000000e+00
 15 a  3 -2.300181113e-14  4.936413677e-17  0.000000000e+00  0.000000000e+00  0.000000000e+00
 15 a  4  2.077667947e-17  0.000000000e+00  0.000000000e+00  0.000000000e+00  0.000000000e+00
 15 b  0  0.000000000e+00  3.013958882e-05 -9.045504985e-10  2.156407942e-14  1.896238260e-17
 15 b  1  2.999335763e-07  7.566281641e-10 -7.660001469e-14 -5.419098234e-17  0.000000000e+00
 15 b  2 -1.442825719e-10 -4.244069258e-14  4.282349609e-17  0.000000000e+00  0.000000000e+00
 15 b  3  2.725809292e-15 -2.610236788e-17  0.000000000e+00  0.000000000e+00  0.000000000e+00
 15 b  4 -2.314684799e-17  0.000000000e+00  0.000000000e+00  0.000000000e+00  0.000000000e+00
 16 a  0  0.000000000e+00  4.538062547e-07  3.602153971e-10  1.293898062e-13 -2.186215052e-17
 16 a  1  2.999498226e-05 -9.785826389e-10 -1.033934741e-13  4.897331644e-17  0.000000000e+00
 16 a  2  7.545725252e-10 -3.928802317e-14  2.247848878e-17  0.000000000e+00  0.000000000e+00
 16 a  3 -5.302569769e-15  1.349160023e-17  0.000000000e+00  0.000000000e+00  0.000000000e+00
 16 a  4  4.321359317e-18  0.000000000e+00  0.000000000e+00  0.000000000e+00  0.000000000e+00
 16 b  0  0.000000000e+00  2.958932763e-05 -1.027435510e-09 -2.984094557e-14  5.436643934e-18
 16 b  1  5.055125042e-07  3.435274292e-10 -1.379706989e-13  9.970697920e-18  0.000000000e+00
 16 b  2 -8.481153125e-11  9.077724252e-14 -2.608320599e-17  0.000000000e+00  0.000000000e+00
 16 b  3  1.722114232e-14 -5.707450476e-17  0.000000000e+00  0.000000000e+00  0.000000000e+00
 16 b  4 -1.498037873e-17  0.000000000e+00  0.000000000e+00  0.000000000e+00  0.000000000e+00
 17 a  0  0.000000000e+00 -5.383560444e-07 -6.470283144e-10 -1.615096443e-14  7.625154358e-17
 17 a  1 -2.979123501e-05  1.017209620e-09 -5.944327445e-14 -4.867403114e-17  0.000000000e+00
 17 a  2 -6.503124156e-10  4.430028469e-14  4.115668046e-17  0.000000000e+00  0.000000000e+00
 17 a  3 -3.481212311e-14  5.462514588e-18  0.000000000e+00  0.000000000e+00  0.000000000e+00
 17 a  4 -1.332647564e-17  0.000000000e+00  0.000000000e+00  0.000000000e+00  0.000000000e+00
 17 b  0  0.000000000e+00 -2.898573260e-05  1.544060465e-09 -1.698226716e-14 -4.344987067e-17
 17 b  1 -6.578913259e-07  9.031327137e-11  3.130799109e-14 -8.065113476e-17  0.000000000e+00
 17 b  2  4.760040890e-10  7.409585699e-15 -3.059881479e-18  0.000000000e+00  0.000000000e+00
 17 b  3 -3.911723922e-14 -5.371334268e-17  0.000000000e+00  0.000000000e+00  0.000000000e+00
 17 b  4 -2.579090032e-17  0.000000000e+00  0.000000000e+00  0.000000000e+00  0.000000000e+00
