  0 a  0  0.000000000e+00  8.211314344e-08  3.021174630e-12  6.369581463e-21 -2.452822156e-26
  0 a  1  3.064705024e-05 -3.732419216e-11 -4.874732677e-17  3.562361526e-22  0.000000000e+00
  0 a  2  8.700295546e-12  2.882021823e-17 -1.682882786e-22  0.000000000e+00  0.000000000e+00
  0 a  3 -4.387796260e-17  5.426711146e-24  0.000000000e+00  0.000000000e+00  0.000000000e+00
  0 a  4  7.749714561e-23  0.000000000e+00  0.000000000e+00  0.000000000e+00  0.000000000e+00
  0 b  0  0.000000000e+00  3.011322901e-05 -5.576394524e-11 -2.906923921e-18  9.154281904e-24
  0 b  1  8.192915411e-08  4.864975217e-12  1.323942165e-19  9.338370892e-24  0.000000000e+00
  0 b  2 -1.894497571e-11 -7.864859394e-20 -8.260725542e-24  0.000000000e+00  0.000000000e+00
  0 b  3  3.299808969e-18  9.737506197e-24  0.000000000e+00  0.000000000e+00  0.000000000e+00
  0 b  4  8.463379955e-24  0.000000000e+00  0.000000000e+00  0.000000000e+00  0.000000000e+00
  1 a  0  0.000000000e+00  1.055161344e-07  2.256679195e-12 -2.865349278e-18  8.769787254e-24
  1 a  1  3.045601256e-05 -4.782523972e-11  1.029634789e-20 -8.859930699e-24  0.000000000e+00
  1 a  2  8.179360942e-12 -2.876944372e-18  8.769038624e-24  0.000000000e+00  0.000000000e+00
  1 a  3 -2.890171174e-18  1.305328092e-24  0.000000000e+00  0.000000000e+00  0.000000000e+00
  1 a  4 -8.832562111e-24  0.000000000e+00  0.000000000e+00  0.000000000e+00  0.000000000e+00
  1 b  0  0.000000000e+00  2.955620930e-05 -7.123580763e-11 -3.336521350e-18  9.265745791e-24
  1 b  1  1.054930273e-07  5.114121776e-12 -2.971921508e-18  1.675311777e-23  0.000000000e+00
  1 b  2 -2.490605913e-11  1.026848768e-20  9.481829130e-24  0.000000000e+00  0.000000000e+00
  1 b  3  3.828031808e-18 -8.545770297e-24  0.000000000e+00  0.000000000e+00  0.000000000e+00
  1 b  4  8.853491116e-24  0.000000000e+00  0.000000000e+00  0.000000000e+00  0.000000000e+00
  2 a  0  0.000000000e+00  1.290099434e-07  2.626681109e-12  2.925731832e-18  8.904653563e-24
  2 a  1  3.019392659e-05 -5.877634093e-11  1.291688010e-20 -7.025590157e-24  0.000000000e+00
  2 a  2  8.240836835e-12  1.755399833e-21 -8.831695468e-24  0.000000000e+00  0.000000000e+00
  2 a  3  2.684839186e-19 -8.815527478e-24  0.000000000e+00  0.000000000e+00  0.000000000e+00
  2 a  4  8.845430603e-24  0.000000000e+00  0.000000000e+00  0.000000000e+00  0.000000000e+00
  2 b  0  0.000000000e+00  2.880952611e-05 -8.721287018e-11 -3.092590594e-18  9.769443610e-24
  2 b  1  1.292558335e-07  5.172141449e-12 -2.636472983e-18  9.239152890e-24  0.000000000e+00
  2 b  2 -3.004086394e-11 -4.635664995e-22 -9.140045312e-24  0.000000000e+00  0.000000000e+00
  2 b  3  3.423743829e-18  3.959652210e-26  0.000000000e+00  0.000000000e+00  0.000000000e+00
  2 b  4  9.473515858e-24  0.000000000e+00  0.000000000e+00  0.000000000e+00  0.000000000e+00
  3 a  0  0.000000000e+00  2.275518598e-07  7.347000693e-12  2.749475459e-17 -8.706365450e-23
  3 a  1  3.053639220e-05 -3.478134830e-11 -2.809254098e-17  7.815731644e-23  0.000000000e+00
  3 a  2  2.539646014e-11  2.222418259e-22 -1.023466930e-22  0.000000000e+00  0.000000000e+00
  3 a  3 -3.004936613e-17 -8.429969097e-23  0.000000000e+00  0.000000000e+00  0.000000000e+00
  3 a  4  9.303128286e-23  0.000000000e+00  0.000000000e+00  0.000000000e+00  0.000000000e+00
  3 b  0  0.000000000e+00  3.017944813e-05 -5.175344397e-11 -3.130514702e-18  1.000948342e-23
  3 b  1  2.277538975e-07  1.692807739e-11 -2.454264308e-18 -1.205092466e-23  0.000000000e+00
  3 b  2 -1.665154943e-11  2.414110491e-22  9.686919331e-24  0.000000000e+00  0.000000000e+00
  3 b  3  3.357833093e-18 -6.626342863e-24  0.000000000e+00  0.000000000e+00  0.000000000e+00
  3 b  4  7.631736780e-24  0.000000000e+00  0.000000000e+00  0.000000000e+00  0.000000000e+00
  4 a  0  0.000000000e+00  2.978891960e-07  7.090151981e-12  3.182921406e-18 -9.718578615e-24
  4 a  1  3.035908506e-05 -4.480886291e-11 -3.111215995e-18  5.623440184e-25  0.000000000e+00
  4 a  2  2.550526259e-11  3.170293632e-18 -9.783920258e-24  0.000000000e+00  0.000000000e+00
  4 a  3 -3.181756390e-18  9.746368470e-24  0.000000000e+00  0.000000000e+00  0.000000000e+00
  4 a  4 -9.712303798e-24  0.000000000e+00  0.000000000e+00  0.000000000e+00  0.000000000e+00
  4 b  0  0.000000000e+00  2.966038766e-05 -6.705457596e-11 -3.025088314e-17  9.055957303e-23
  4 b  1  2.980638640e-07  1.650736120e-11  2.294309654e-17 -9.274780881e-23  0.000000000e+00
  4 b  2 -2.214147901e-11 -2.896393596e-17  9.721880246e-23  0.000000000e+00  0.000000000e+00
  4 b  3  3.013215164e-17 -9.339174884e-23  0.000000000e+00  0.000000000e+00  0.000000000e+00
  4 b  4  8.992008119e-23  0.000000000e+00  0.000000000e+00  0.000000000e+00  0.000000000e+00
  5 a  0  0.000000000e+00  3.708936271e-07  7.519366608e-12  2.932033406e-18 -3.636976684e-26
  5 a  1  3.011122307e-05 -5.590331702e-11  3.676002866e-20  8.957632314e-24  0.000000000e+00
  5 a  2  2.539955299e-11  1.798631421e-21 -8.980918748e-24  0.000000000e+00  0.000000000e+00
  5 a  3 -2.963535500e-18  9.092220364e-25  0.000000000e+00  0.000000000e+00  0.000000000e+00
  5 a  4  8.754365698e-24  0.000000000e+00  0.000000000e+00  0.000000000e+00  0.000000000e+00
  5 b  0  0.000000000e+00  2.894626799e-05 -8.366306132e-11 -3.049733675e-18  9.428016132e-24
  5 b  1  3.708742168e-07  1.538546077e-11 -2.984385130e-18 -8.989738911e-24  0.000000000e+00
  5 b  2 -2.839822887e-11 -2.304503881e-23  1.150681415e-25  0.000000000e+00  0.000000000e+00
  5 b  3  3.139161656e-18  9.553105468e-24  0.000000000e+00  0.000000000e+00  0.000000000e+00
  5 b  4  9.267228055e-24  0.000000000e+00  0.000000000e+00  0.000000000e+00  0.000000000e+00
  6 a  0  0.000000000e+00  3.206928440e-07  1.243514467e-11  3.756669825e-17  3.254331305e-22
  6 a  1  3.030466014e-05 -2.865984615e-11 -3.372040419e-17  1.626615913e-23  0.000000000e+00
  6 a  2  4.252233389e-11  7.286798317e-18  1.113108085e-22  0.000000000e+00  0.000000000e+00
  6 a  3 -4.894565396e-17 -9.106678896e-25  0.000000000e+00  0.000000000e+00  0.000000000e+00
  6 a  4 -6.202555795e-23  0.000000000e+00  0.000000000e+00  0.000000000e+00  0.000000000e+00
  6 b  0  0.000000000e+00  3.027757286e-05 -4.373788226e-11 -2.922565842e-17 -4.714955230e-24
  6 b  1  3.203410612e-07  2.683150735e-11  3.565096308e-19 -1.077619610e-22  0.000000000e+00
  6 b  2 -1.352660597e-11 -7.709537089e-20  9.117229208e-23  0.000000000e+00  0.000000000e+00
  6 b  3  3.046088298e-17 -8.538473871e-23  0.000000000e+00  0.000000000e+00  0.000000000e+00
  6 b  4 -9.241590580e-23  0.000000000e+00  0.000000000e+00  0.000000000e+00  0.000000000e+00
  7 a  0  0.000000000e+00  4.378359273e-07  1.200793384e-11  2.949067365e-18 -9.022657618e-24
  7 a  1  3.015331134e-05 -3.878413468e-11 -2.863749925e-18 -8.885537508e-24  0.000000000e+00
  7 a  2  4.209418249e-11  2.949067365e-18  8.761629312e-24  0.000000000e+00  0.000000000e+00
  7 a  3 -2.949067365e-18 -8.761629312e-24  0.000000000e+00  0.000000000e+00  0.000000000e+00
  7 a  4  8.761629312e-24  0.000000000e+00  0.000000000e+00  0.000000000e+00  0.000000000e+00
  7 b  0  0.000000000e+00  2.983048040e-05 -5.943025772e-11 -2.980513683e-18  9.118867478e-24
  7 b  1  4.377602817e-07  2.733245231e-11 -2.895210983e-18 -3.244538597e-25  0.000000000e+00
  7 b  2 -1.936897903e-11 -2.980513683e-18  8.857884270e-24  0.000000000e+00  0.000000000e+00
  7 b  3  2.980513683e-18 -8.857884270e-24  0.000000000e+00  0.000000000e+00  0.000000000e+00
  7 b  4  8.857884270e-24  0.000000000e+00  0.000000000e+00  0.000000000e+00  0.000000000e+00
  8 a  0  0.000000000e+00  5.632949356e-07  1.247003799e-11  2.875511321e-18  8.149314629e-24
  8 a  1  2.993007463e-05 -5.025195027e-11  5.317283304e-20  1.542803254e-24  0.000000000e+00
  8 a  2  4.221886276e-11  2.758927384e-18 -9.058818592e-24  0.000000000e+00  0.000000000e+00
  8 a  3 -3.113079172e-18  8.231473023e-24  0.000000000e+00  0.000000000e+00  0.000000000e+00
  8 a  4 -9.378401532e-24  0.000000000e+00  0.000000000e+00  0.000000000e+00  0.000000000e+00
  8 b  0  0.000000000e+00  2.918190485e-05 -7.696091486e-11 -3.001172559e-18  1.003531322e-23
  8 b  1  5.629427267e-07  2.546289521e-11 -2.825281280e-18  9.318948211e-25  0.000000000e+00
  8 b  2 -2.564415688e-11  3.196209587e-18 -8.966730745e-25  0.000000000e+00  0.000000000e+00
  8 b  3  3.395202607e-18  1.033198193e-23  0.000000000e+00  0.000000000e+00  0.000000000e+00
  8 b  4  9.636650198e-24  0.000000000e+00  0.000000000e+00  0.000000000e+00  0.000000000e+00
  9 a  0  0.000000000e+00 -8.215043959e-08 -2.187202818e-12 -2.796209616e-18 -8.148549112e-24
  9 a  1  3.064684923e-05 -3.746624942e-11 -2.744023126e-18  8.655748880e-24  0.000000000e+00
  9 a  2 -8.620382422e-12 -2.781034158e-18 -3.661499798e-25  0.000000000e+00  0.000000000e+00
  9 a  3  2.799382216e-18 -8.396698132e-24  0.000000000e+00  0.000000000e+00  0.000000000e+00
  9 a  4  8.596600700e-24  0.000000000e+00  0.000000000e+00  0.000000000e+00  0.000000000e+00
  9 b  0  0.000000000e+00  3.011334723e-05 -5.564279042e-11 -2.927251624e-17  9.266862900e-23
  9 b  1 -8.179206035e-08 -5.398861992e-12  3.506523013e-17 -1.002576027e-22  0.000000000e+00
  9 b  2 -1.752581084e-11 -2.796374162e-17  8.636196970e-23  0.000000000e+00  0.000000000e+00
  9 b  3 -2.500899025e-17  9.193288579e-23  0.000000000e+00  0.000000000e+00  0.000000000e+00
  9 b  4 -9.117813118e-23  0.000000000e+00  0.000000000e+00  0.000000000e+00  0.000000000e+00
 10 a  0  0.000000000e+00 -1.055389581e-07 -2.728193600e-12  3.061558404e-17 -8.467994575e-23
 10 a  1  3.045589399e-05 -4.786249186e-11 -2.868643469e-17  9.442250801e-23  0.000000000e+00
 10 a  2 -8.664438671e-12  2.993535363e-17 -8.543489990e-23  0.000000000e+00  0.000000000e+00
 10 a  3  2.920949043e-17  8.920525494e-23  0.000000000e+00  0.000000000e+00  0.000000000e+00
 10 a  4  8.978624787e-23  0.000000000e+00  0.000000000e+00  0.000000000e+00  0.000000000e+00
 10 b  0  0.000000000e+00  2.955620796e-05 -7.123830806e-11 -2.751317866e-18  1.022695115e-23
 10 b  1 -1.056130492e-07 -4.592086267e-12  3.318850048e-18  1.087707566e-23  0.000000000e+00
 10 b  2 -2.377692875e-11  1.067512707e-19 -8.316098158e-24  0.000000000e+00  0.000000000e+00
 10 b  3  3.270601563e-18  1.077140219e-23  0.000000000e+00  0.000000000e+00  0.000000000e+00
 10 b  4  9.601590426e-24  0.000000000e+00  0.000000000e+00  0.000000000e+00  0.000000000e+00
 11 a  0  0.000000000e+00 -1.289380439e-07 -2.032702499e-12 -3.033362020e-18  9.283071974e-24
 11 a  1  3.019389195e-05 -5.875360882e-11 -2.901940434e-18 -1.984296445e-24  0.000000000e+00
 11 a  2 -8.041603661e-12 -1.335229031e-19 -8.881231465e-24  0.000000000e+00  0.000000000e+00
 11 a  3  3.040369679e-18  8.876709628e-24  0.000000000e+00  0.000000000e+00  0.000000000e+00
 11 a  4  9.282017742e-24  0.000000000e+00  0.000000000e+00  0.000000000e+00  0.000000000e+00
 11 b  0  0.000000000e+00  2.880964703e-05 -8.717203016e-11 -3.078869905e-17  9.478688628e-23
 11 b  1 -1.292650329e-07 -5.877636169e-12 -1.322688537e-20  4.464691740e-25  0.000000000e+00
 11 b  2 -3.109173835e-11 -3.126754586e-17 -6.864287600e-25  0.000000000e+00  0.000000000e+00
 11 b  3  3.242970797e-17 -3.724662404e-25  0.000000000e+00  0.000000000e+00  0.000000000e+00
 11 b  4  9.454001281e-23  0.000000000e+00  0.000000000e+00  0.000000000e+00  0.000000000e+00
 12 a  0  0.000000000e+00 -2.276437659e-07 -7.624583922e-12 -2.999432702e-18  8.154743901e-24
 12 a  1  3.053625630e-05 -3.426287726e-11  4.825488266e-27 -9.205114306e-24  0.000000000e+00
 12 a  2 -2.586074363e-11 -2.958562921e-18  8.595020255e-24  0.000000000e+00  0.000000000e+00
 12 a  3  2.813323800e-18 -9.245049764e-24  0.000000000e+00  0.000000000e+00  0.000000000e+00
 12 a  4  8.597485297e-24  0.000000000e+00  0.000000000e+00  0.000000000e+00  0.000000000e+00
 12 b  0  0.000000000e+00  3.017945087e-05 -5.192423337e-11 -2.935873650e-18  9.546404164e-24
 12 b  1 -2.277886300e-07 -1.623697155e-11 -8.197036010e-27 -8.678301324e-24  0.000000000e+00
 12 b  2 -1.737304332e-11 -2.838378299e-18  1.448172006e-24  0.000000000e+00  0.000000000e+00
 12 b  3  2.099971616e-20  9.382694726e-24  0.000000000e+00  0.000000000e+00  0.000000000e+00
 12 b  4  6.630146456e-25  0.000000000e+00  0.000000000e+00  0.000000000e+00  0.000000000e+00
 13 a  0  0.000000000e+00 -2.980303420e-07 -7.748232474e-12 -2.439231785e-17  9.993252732e-23
 13 a  1  3.035891272e-05 -4.471533106e-11 -2.638799344e-17 -7.288269280e-23  0.000000000e+00
 13 a  2 -2.562840585e-11  3.310530234e-17  9.592623183e-23  0.000000000e+00  0.000000000e+00
 13 a  3  3.045606298e-17 -9.353494410e-23  0.000000000e+00  0.000000000e+00  0.000000000e+00
 13 a  4  9.431115836e-23  0.000000000e+00  0.000000000e+00  0.000000000e+00  0.000000000e+00
 13 b  0  0.000000000e+00  2.966039495e-05 -6.696148760e-11 -2.980618640e-17  6.903652985e-23
 13 b  1 -2.982112772e-07 -1.701155304e-11  2.377798866e-17  1.156550352e-22  0.000000000e+00
 13 b  2 -2.204404415e-11 -3.239484436e-17  4.180209723e-25  0.000000000e+00  0.000000000e+00
 13 b  3  2.608571367e-17 -1.097973135e-22  0.000000000e+00  0.000000000e+00  0.000000000e+00
 13 b  4  9.217169527e-23  0.000000000e+00  0.000000000e+00  0.000000000e+00  0.000000000e+00
 14 a  0  0.000000000e+00 -3.708707579e-07 -8.367124594e-12 -2.942047047e-18 -8.743138717e-24
 14 a  1  3.011120304e-05 -5.579894614e-11  2.911221935e-18  9.061519653e-24  0.000000000e+00
 14 a  2 -2.502516555e-11 -3.183316962e-20 -9.011145765e-24  0.000000000e+00  0.000000000e+00
 14 a  3  2.956113649e-18  8.814193696e-24  0.000000000e+00  0.000000000e+00  0.000000000e+00
 14 a  4  9.035437987e-24  0.000000000e+00  0.000000000e+00  0.000000000e+00  0.000000000e+00
 14 b  0  0.000000000e+00  2.894627204e-05 -8.308364068e-11 -2.766582811e-18  1.196899501e-23
 14 b  1 -3.708960284e-07 -1.332582626e-11  3.730223531e-20  1.218231005e-23  0.000000000e+00
 14 b  2 -2.916914523e-11 -2.571029888e-18 -9.071603184e-24  0.000000000e+00  0.000000000e+00
 14 b  3  3.666235854e-18 -7.870599261e-24  0.000000000e+00  0.000000000e+00  0.000000000e+00
 14 b  4  1.048796331e-23  0.000000000e+00  0.000000000e+00  0.000000000e+00  0.000000000e+00
 15 a  0  0.000000000e+00 -3.208891427e-07 -1.234685034e-11 -3.259884574e-18 -1.200335294e-26
 15 a  1  3.030446273e-05 -2.745454214e-11 -2.898703196e-18  6.697048176e-24  0.000000000e+00
 15 a  2 -3.928283855e-11 -2.930803096e-18  9.690431302e-24  0.000000000e+00  0.000000000e+00
 15 a  3  3.396546505e-18 -7.558057769e-24  0.000000000e+00  0.000000000e+00  0.000000000e+00
 15 a  4 -6.862707759e-25  0.000000000e+00  0.000000000e+00  0.000000000e+00  0.000000000e+00
 15 b  0  0.000000000e+00  3.027758002e-05 -4.410594097e-11 -3.203617682e-17 -5.699138326e-23
 15 b  1 -3.204362076e-07 -2.756355667e-11 -3.067779726e-20 -1.862392423e-22  0.000000000e+00
 15 b  2 -1.459178920e-11 -3.081635200e-20  8.573499110e-23  0.000000000e+00  0.000000000e+00
 15 b  3  5.000891786e-17  1.360722040e-22  0.000000000e+00  0.000000000e+00  0.000000000e+00
 15 b  4 -9.287506449e-23  0.000000000e+00  0.000000000e+00  0.000000000e+00  0.000000000e+00
 16 a  0  0.000000000e+00 -4.380021380e-07 -1.266457537e-11 -3.402312852e-18  8.413521367e-24
 16 a  1  3.015317887e-05 -3.962023417e-11 -2.940069154e-18 -9.998426740e-24  0.000000000e+00
 16 a  2 -4.202735611e-11 -4.286454290e-20  8.721803698e-24  0.000000000e+00  0.000000000e+00
 16 a  3  2.725030458e-18 -9.177112561e-24  0.000000000e+00  0.000000000e+00  0.000000000e+00
 16 a  4  9.156586085e-24  0.000000000e+00  0.000000000e+00  0.000000000e+00  0.000000000e+00
 16 b  0  0.000000000e+00  2.983036265e-05 -5.948060354e-11 -2.366659732e-18  1.118174980e-23
 16 b  1 -4.378663393e-07 -2.634579576e-11 -4.315593922e-20 -6.157466718e-24  0.000000000e+00
 16 b  2 -2.052212743e-11 -2.950903930e-18 -3.178924589e-25  0.000000000e+00  0.000000000e+00
 16 b  3  3.810469963e-18  1.048739881e-23  0.000000000e+00  0.000000000e+00  0.000000000e+00
 16 b  4  9.518411525e-24  0.000000000e+00  0.000000000e+00  0.000000000e+00  0.000000000e+00
 17 a  0  0.000000000e+00 -5.633264329e-07 -1.273803440e-11 -2.617246231e-18 -4.492964058e-24
 17 a  1  2.993006105e-05 -5.020271206e-11 -2.792305734e-18  1.294263358e-23  0.000000000e+00
 17 a  2 -4.177258538e-11  3.340621564e-18 -5.081543787e-25  0.000000000e+00  0.000000000e+00
 17 a  3  3.921602912e-18 -8.141918634e-24  0.000000000e+00  0.000000000e+00  0.000000000e+00
 17 a  4  1.150218506e-23  0.000000000e+00  0.000000000e+00  0.000000000e+00  0.000000000e+00
 17 b  0  0.000000000e+00  2.918198062e-05 -7.608367348e-11 -2.954389503e-17  8.203120165e-23
 17 b  1 -5.631933573e-07 -2.548114325e-11 -5.435419610e-20  9.925498817e-23  0.000000000e+00
 17 b  2 -2.451488019e-11  6.469764853e-20 -9.678341625e-27  0.000000000e+00  0.000000000e+00
 17 b  3  2.880152713e-17 -8.487535268e-23  0.000000000e+00  0.000000000e+00  0.000000000e+00
 17 b  4  9.211662609e-23  0.000000000e+00  0.000000000e+00  0.000000000e+00  0.000000000e+00
