0.000000	1.000000
0.977040	0.999699
1.954079	0.998794
2.931119	0.997288
3.908158	0.995180
4.885198	0.992473
5.862237	0.989167
6.839277	0.985264
7.816317	0.980768
8.793356	0.975680
9.770396	0.970004
10.747435	0.963743
11.724475	0.956901
12.701514	0.949482
13.678554	0.941491
14.655594	0.932932
15.632633	0.923811
16.609673	0.914133
17.586712	0.903903
18.563752	0.893129
19.540791	0.881816
20.517831	0.869971
21.494871	0.857602
22.471910	0.844716
23.448950	0.831320
24.425989	0.817423
25.403029	0.803034
26.380068	0.788160
27.357108	0.772811
28.334148	0.756996
29.311187	0.740725
30.288227	0.724007
31.265266	0.706853
32.242306	0.689273
33.219345	0.671277
34.196385	0.652876
35.173425	0.634081
36.150464	0.614905
37.127504	0.595357
38.104543	0.575451
39.081583	0.555197
40.058622	0.534609
41.035662	0.513699
42.012702	0.492479
42.989741	0.470962
43.966781	0.449161
44.943820	0.427089
45.920860	0.404760
46.897899	0.382186
47.874939	0.359383
48.851979	0.336362
49.829018	0.313139
50.806058	0.289727
51.783097	0.266140
52.760137	0.242393
53.737176	0.218500
54.714216	0.194475
55.691255	0.170332
56.668295	0.146087
57.645335	0.121754
58.622374	0.097348
59.599414	0.072883
60.576453	0.048373
61.553493	0.023835
62.530532	-0.000717
63.507572	-0.025270
64.484612	-0.049807
65.461651	-0.074314
66.438691	-0.098776
67.415730	-0.123178
68.392770	-0.147507
69.369809	-0.171746
70.346849	-0.195882
71.323889	-0.219900
72.300928	-0.243785
73.277968	-0.267523
74.255007	-0.291100
75.232047	-0.314501
76.209086	-0.337713
77.186126	-0.360721
78.163166	-0.383512
79.140205	-0.406071
80.117245	-0.428386
81.094284	-0.450442
82.071324	-0.472227
83.048363	-0.493727
84.025403	-0.514929
85.002443	-0.535821
85.979482	-0.556390
86.956522	-0.576624
87.933561	-0.596509
88.910601	-0.616035
89.887640	-0.635190
90.864680	-0.653962
91.841720	-0.672339
92.818759	-0.690311
93.795799	-0.707867
94.772838	-0.724996
95.749878	-0.741688
96.726917	-0.757933
97.703957	-0.773721
98.680997	-0.789042
99.658036	-0.803888
100.635076	-0.818249
101.612115	-0.832117
102.589155	-0.845483
103.566194	-0.858339
104.543234	-0.870678
105.520274	-0.882491
106.497313	-0.893773
107.474353	-0.904516
108.451392	-0.914713
109.428432	-0.924359
110.405471	-0.933448
111.382511	-0.941974
112.359551	-0.949932
113.336590	-0.957317
114.313630	-0.964125
115.290669	-0.970352
116.267709	-0.975994
117.244748	-0.981047
118.221788	-0.985509
119.198828	-0.989376
120.175867	-0.992647
121.152907	-0.995320
122.129946	-0.997393
123.106986	-0.998864
124.084025	-0.999733
125.061065	-0.999999
126.038105	-0.999662
127.015144	-0.998723
127.992184	-0.997181
128.969223	-0.995039
129.946263	-0.992296
130.923302	-0.988955
131.900342	-0.985018
132.877382	-0.980487
133.854421	-0.975364
134.831461	-0.969654
135.808500	-0.963359
136.785540	-0.956484
137.762579	-0.949031
138.739619	-0.941007
139.716659	-0.932415
140.693698	-0.923261
141.670738	-0.913550
142.647777	-0.903288
143.624817	-0.892482
144.601856	-0.881138
145.578896	-0.869263
146.555936	-0.856863
147.532975	-0.843947
148.510015	-0.830522
149.487054	-0.816596
150.464094	-0.802178
151.441133	-0.787276
152.418173	-0.771900
153.395213	-0.756058
154.372252	-0.739761
155.349292	-0.723017
156.326331	-0.705837
157.303371	-0.688232
158.280410	-0.670212
159.257450	-0.651788
160.234489	-0.632971
161.211529	-0.613772
162.188569	-0.594204
163.165608	-0.574277
164.142648	-0.554003
165.119687	-0.533396
166.096727	-0.512467
167.073766	-0.491229
168.050806	-0.469695
169.027846	-0.447878
170.004885	-0.425791
170.981925	-0.403447
171.958964	-0.380860
172.936004	-0.358043
173.913043	-0.335010
174.890083	-0.311776
175.867123	-0.288353
176.844162	-0.264757
177.821202	-0.241001
178.798241	-0.217099
179.775281	-0.193067
180.752320	-0.168918
181.729360	-0.144668
182.706400	-0.120330
183.683439	-0.095920
184.660479	-0.071451
185.637518	-0.046940
186.614558	-0.022401
187.591597	0.002152
188.568637	0.026704
189.545677	0.051240
190.522716	0.075744
191.499756	0.100203
192.476795	0.124602
193.453835	0.148926
194.430874	0.173159
195.407914	0.197289
196.384954	0.221299
197.361993	0.245176
198.339033	0.268905
199.316072	0.292472
200.293112	0.315863
201.270151	0.339063
202.247191	0.362059
203.224231	0.384837
204.201270	0.407382
205.178310	0.429682
206.155349	0.451723
207.132389	0.473491
208.109428	0.494974
209.086468	0.516159
210.063508	0.537032
211.040547	0.557582
212.017587	0.577795
212.994626	0.597660
213.971666	0.617165
214.948705	0.636298
215.925745	0.655047
216.902785	0.673401
217.879824	0.691349
218.856864	0.708880
219.833903	0.725984
220.810943	0.742650
221.787982	0.758868
222.765022	0.774629
223.742062	0.789923
224.719101	0.804741
225.696141	0.819073
226.673180	0.832912
227.650220	0.846248
228.627259	0.859074
229.604299	0.871382
230.581339	0.883165
231.558378	0.894416
232.535418	0.905127
233.512457	0.915292
234.489497	0.924906
235.466536	0.933962
236.443576	0.942455
237.420616	0.950379
238.397655	0.957731
239.374695	0.964505
240.351734	0.970698
241.328774	0.976305
242.305813	0.981324
243.282853	0.985751
244.259893	0.989584
245.236932	0.992820
246.213972	0.995458
247.191011	0.997495
248.168051	0.998931
249.145090	0.999765
250.122130	0.999996
251.099170	0.999624
252.076209	0.998649
253.053249	0.997073
254.030288	0.994895
255.007328	0.992117
255.984367	0.988741
256.961407	0.984769
257.938447	0.980204
258.915486	0.975047
259.892526	0.969302
260.869565	0.962973
261.846605	0.956064
262.823644	0.948578
263.800684	0.940520
264.777723	0.931895
265.754763	0.922708
266.731803	0.912965
267.708842	0.902672
268.685882	0.891834
269.662921	0.880459
270.639961	0.868552
271.617000	0.856122
272.594040	0.843176
273.571080	0.829722
274.548119	0.815767
275.525159	0.801320
276.502198	0.786391
277.479238	0.770987
278.456277	0.755118
279.433317	0.738794
280.410357	0.722025
281.387396	0.704820
282.364436	0.687191
283.341475	0.669147
284.318515	0.650699
285.295554	0.631860
286.272594	0.612639
287.249634	0.593049
288.226673	0.573101
289.203713	0.552808
290.180752	0.532182
291.157792	0.511235
292.134831	0.489979
293.111871	0.468428
294.088911	0.446595
295.065950	0.424492
296.042990	0.402134
297.020029	0.379533
297.997069	0.356703
298.974108	0.333658
299.951148	0.310412
300.928188	0.286979
301.905227	0.263373
302.882267	0.239608
303.859306	0.215698
304.836346	0.191659
305.813385	0.167504
306.790425	0.143248
307.767465	0.118905
308.744504	0.094491
309.721544	0.070020
310.698583	0.045507
311.675623	0.020966
312.652662	-0.003587
313.629702	-0.028138
314.606742	-0.052673
315.583781	-0.077175
316.560821	-0.101631
317.537860	-0.126026
318.514900	-0.150344
319.491939	-0.174572
320.468979	-0.198695
321.446019	-0.222698
322.423058	-0.246567
323.400098	-0.270287
324.377137	-0.293844
325.354177	-0.317224
326.331216	-0.340413
327.308256	-0.363396
328.285296	-0.386161
329.262335	-0.408692
330.239375	-0.430977
331.216414	-0.453002
332.193454	-0.474755
333.170493	-0.496221
334.147533	-0.517387
335.124573	-0.538242
336.101612	-0.558772
337.078652	-0.578966
338.055691	-0.598810
339.032731	-0.618293
340.009770	-0.637404
340.986810	-0.656130
341.963850	-0.674461
342.940889	-0.692385
343.917929	-0.709891
344.894968	-0.726970
345.872008	-0.743610
346.849047	-0.759802
347.826087	-0.775536
348.803127	-0.790802
349.780166	-0.805592
350.757206	-0.819895
351.734245	-0.833705
352.711285	-0.847012
353.688324	-0.859808
354.665364	-0.872085
355.642404	-0.883837
356.619443	-0.895056
357.596483	-0.905736
358.573522	-0.915869
359.550562	-0.925450
360.527601	-0.934473
361.504641	-0.942933
362.481681	-0.950825
363.458720	-0.958143
364.435760	-0.964883
365.412799	-0.971041
366.389839	-0.976615
367.366878	-0.981599
368.343918	-0.985991
369.320957	-0.989789
370.297997	-0.992991
371.275037	-0.995593
372.252076	-0.997596
373.229116	-0.998996
374.206155	-0.999795
375.183195	-0.999991
376.160234	-0.999584
377.137274	-0.998574
378.114314	-0.996962
379.091353	-0.994749
380.068393	-0.991936
381.045432	-0.988526
382.022472	-0.984519
382.999511	-0.979919
383.976551	-0.974727
384.953591	-0.968949
385.930630	-0.962586
386.907670	-0.955642
387.884709	-0.948123
388.861749	-0.940032
389.838788	-0.931374
390.815828	-0.922154
391.792868	-0.912379
392.769907	-0.902053
393.746947	-0.891184
394.723986	-0.879777
395.701026	-0.867840
396.678065	-0.855380
397.655105	-0.842404
398.632145	-0.828920
399.609184	-0.814936
400.586224	-0.800461
401.563263	-0.785504
402.540303	-0.770072
403.517342	-0.754177
404.494382	-0.737827
405.471422	-0.721031
406.448461	-0.703802
407.425501	-0.686148
408.402540	-0.668080
409.379580	-0.649609
410.356619	-0.630747
411.333659	-0.611504
412.310699	-0.591893
413.287738	-0.571925
414.264778	-0.551612
415.241817	-0.530967
416.218857	-0.510001
417.195896	-0.488728
418.172936	-0.467160
419.149976	-0.445311
420.127015	-0.423193
421.104055	-0.400820
422.081094	-0.378205
423.058134	-0.355362
424.035173	-0.332305
425.012213	-0.309048
425.989253	-0.285604
426.966292	-0.261988
427.943332	-0.238214
428.920371	-0.214297
429.897411	-0.190250
430.874450	-0.166089
431.851490	-0.141828
432.828530	-0.117481
433.805569	-0.093063
434.782609	-0.068589
435.759648	-0.044073
436.736688	-0.019532
437.713727	0.005022
438.690767	0.029573
439.667807	0.054105
440.644846	0.078606
441.621886	0.103058
442.598925	0.127449
443.575965	0.151763
444.553004	0.175985
445.530044	0.200101
446.507084	0.224097
447.484123	0.247957
448.461163	0.271668
449.438202	0.295215
450.415242	0.318584
451.392281	0.341762
452.369321	0.364733
453.346361	0.387484
454.323400	0.410001
455.300440	0.432272
456.277479	0.454281
457.254519	0.476017
458.231558	0.497466
459.208598	0.518615
460.185638	0.539451
461.162677	0.559962
462.139717	0.580135
463.116756	0.599959
464.093796	0.619421
465.070835	0.638509
466.047875	0.657212
467.024915	0.675520
468.001954	0.693419
468.978994	0.710901
469.956033	0.727955
470.933073	0.744569
471.910112	0.760734
472.887152	0.776441
473.864191	0.791680
474.841231	0.806441
475.818271	0.820716
476.795310	0.834496
477.772350	0.847774
478.749389	0.860540
479.726429	0.872787
480.703468	0.884508
481.680508	0.895695
482.657548	0.906343
483.634587	0.916444
484.611627	0.925993
485.588666	0.934983
486.565706	0.943410
487.542745	0.951268
488.519785	0.958552
489.496825	0.965259
490.473864	0.971383
491.450904	0.976922
492.427943	0.981872
493.404983	0.986230
494.382022	0.989993
495.359062	0.993159
496.336102	0.995727
497.313141	0.997694
498.290181	0.999060
499.267220	0.999823
500.244260	0.999984
501.221299	0.999541
502.198339	0.998496
503.175379	0.996849
504.152418	0.994601
505.129458	0.991753
506.106497	0.988308
507.083537	0.984266
508.060576	0.979631
509.037616	0.974406
510.014656	0.968593
510.991695	0.962196
511.968735	0.955219
512.945774	0.947666
513.922814	0.939541
514.899853	0.930850
515.876893	0.921598
516.853933	0.911791
517.830972	0.901433
518.808012	0.890532
519.785051	0.879094
520.762091	0.867126
521.739130	0.854636
522.716170	0.841630
523.693210	0.828116
524.670249	0.814104
525.647289	0.799600
526.624328	0.784615
527.601368	0.769156
528.578407	0.753234
529.555447	0.736857
530.532487	0.720036
531.509526	0.702782
532.486566	0.685103
533.463605	0.667011
534.440645	0.648518
535.417684	0.629633
536.394724	0.610368
537.371764	0.590736
538.348803	0.570747
539.325843	0.550415
540.302882	0.529750
541.279922	0.508766
542.256961	0.487475
543.234001	0.465891
544.211041	0.444025
545.188080	0.421892
546.165120	0.399505
547.142159	0.376876
548.119199	0.354021
549.096238	0.330952
550.073278	0.307683
551.050318	0.284229
552.027357	0.260603
553.004397	0.236821
553.981436	0.212895
554.958476	0.188842
555.935515	0.164674
556.912555	0.140407
557.889595	0.116056
558.866634	0.091634
559.843674	0.067157
560.820713	0.042640
561.797753	0.018097
562.774792	-0.006457
563.751832	-0.031007
564.728872	-0.055538
565.705911	-0.080036
566.682951	-0.104485
567.659990	-0.128872
568.637030	-0.153181
569.614069	-0.177397
570.591109	-0.201507
571.568149	-0.225495
572.545188	-0.249347
573.522228	-0.273049
574.499267	-0.296586
575.476307	-0.319944
576.453346	-0.343110
577.430386	-0.366068
578.407426	-0.388806
579.384465	-0.411309
580.361505	-0.433565
581.338544	-0.455559
582.315584	-0.477278
583.292623	-0.498710
584.269663	-0.519841
585.246702	-0.540658
586.223742	-0.561150
587.200782	-0.581303
588.177821	-0.601106
589.154861	-0.620546
590.131900	-0.639613
591.108940	-0.658293
592.085979	-0.676577
593.063019	-0.694453
594.040059	-0.711910
595.017098	-0.728938
595.994138	-0.745526
596.971177	-0.761665
597.948217	-0.777344
598.925256	-0.792555
599.902296	-0.807289
600.879336	-0.821535
601.856375	-0.835286
602.833415	-0.848534
603.810454	-0.861270
604.787494	-0.873486
605.764533	-0.885176
606.741573	-0.896333
607.718613	-0.906948
608.695652	-0.917018
609.672692	-0.926534
610.649731	-0.935491
611.626771	-0.943885
612.603810	-0.951709
613.580850	-0.958960
614.557890	-0.965633
615.534929	-0.971723
616.511969	-0.977228
617.489008	-0.982143
618.466048	-0.986466
619.443087	-0.990194
620.420127	-0.993326
621.397167	-0.995858
622.374206	-0.997790
623.351246	-0.999121
624.328285	-0.999849
625.305325	-0.999974
626.282364	-0.999497
627.259404	-0.998416
628.236444	-0.996734
629.213483	-0.994451
630.190523	-0.991569
631.167562	-0.988088
632.144602	-0.984012
633.121641	-0.979342
634.098681	-0.974082
635.075721	-0.968235
636.052760	-0.961804
637.029800	-0.954793
638.006839	-0.947207
638.983879	-0.939049
639.960918	-0.930325
640.937958	-0.921040
641.914998	-0.911200
642.892037	-0.900811
643.869077	-0.889879
644.846116	-0.878410
645.823156	-0.866411
646.800195	-0.853890
647.777235	-0.840854
648.754275	-0.827311
649.731314	-0.813270
650.708354	-0.798738
651.685393	-0.783724
652.662433	-0.768238
653.639472	-0.752289
654.616512	-0.735886
655.593552	-0.719040
656.570591	-0.701760
657.547631	-0.684057
658.524670	-0.665942
659.501710	-0.647425
660.478749	-0.628517
661.455789	-0.609231
662.432829	-0.589578
663.409868	-0.569569
664.386908	-0.549216
665.363947	-0.528533
666.340987	-0.507530
667.318026	-0.486222
668.295066	-0.464621
669.272106	-0.442739
670.249145	-0.420591
671.226185	-0.398189
672.203224	-0.375547
673.180264	-0.352678
674.157303	-0.329597
675.134343	-0.306317
676.111383	-0.282853
677.088422	-0.259218
678.065462	-0.235426
679.042501	-0.211493
680.019541	-0.187432
680.996580	-0.163258
681.973620	-0.138986
682.950660	-0.114630
683.927699	-0.090205
684.904739	-0.065726
685.881778	-0.041206
686.858818	-0.016662
687.835857	0.007892
688.812897	0.032441
689.789936	0.056971
690.766976	0.081466
691.744016	0.105912
692.721055	0.130295
693.698095	0.154599
694.675134	0.178809
695.652174	0.202912
696.629213	0.226893
697.606253	0.250736
698.583293	0.274429
699.560332	0.297956
700.537372	0.321303
701.514411	0.344457
702.491451	0.367403
703.468490	0.390128
704.445530	0.412617
705.422570	0.434857
706.399609	0.456836
707.376649	0.478539
708.353688	0.499953
709.330728	0.521066
710.307767	0.541865
711.284807	0.562337
712.261847	0.582470
713.238886	0.602252
714.215926	0.621671
715.192965	0.640715
716.170005	0.659373
717.147044	0.677633
718.124084	0.695484
719.101124	0.712917
720.078163	0.729919
721.055203	0.746481
722.032242	0.762594
723.009282	0.778246
723.986321	0.793430
724.963361	0.808135
725.940401	0.822352
726.917440	0.836074
727.894480	0.849292
728.871519	0.861998
729.848559	0.874184
730.825598	0.885843
731.802638	0.896968
732.779678	0.907552
733.756717	0.917589
734.733757	0.927073
735.710796	0.935997
736.687836	0.944358
737.664875	0.952149
738.641915	0.959366
739.618955	0.966005
740.595994	0.972061
741.573034	0.977531
742.550073	0.982412
743.527113	0.986700
744.504152	0.990394
745.481192	0.993490
746.458232	0.995988
747.435271	0.997885
748.412311	0.999180
749.389350	0.999873
750.366390	0.999963
751.343429	0.999450
752.320469	0.998335
753.297509	0.996617
754.274548	0.994299
755.251588	0.991382
756.228627	0.987866
757.205667	0.983755
758.182706	0.979051
759.159746	0.973757
760.136786	0.967875
761.113825	0.961410
762.090865	0.954366
763.067904	0.946746
764.044944	0.938555
765.021983	0.929798
765.999023	0.920481
766.976063	0.910608
767.953102	0.900187
768.930142	0.889223
769.907181	0.877723
770.884221	0.865694
771.861260	0.853142
772.838300	0.840077
773.815340	0.826504
774.792379	0.812434
775.769419	0.797874
776.746458	0.782832
777.723498	0.767319
778.700537	0.751343
779.677577	0.734914
780.654617	0.718042
781.631656	0.700737
782.608696	0.683010
783.585735	0.664871
784.562775	0.646330
785.539814	0.627401
786.516854	0.608093
787.493894	0.588418
788.470933	0.568389
789.447973	0.548016
790.425012	0.527314
791.402052	0.506293
792.379091	0.484968
793.356131	0.463350
794.333170	0.441452
795.310210	0.419289
796.287250	0.396872
797.264289	0.374217
798.241329	0.351335
799.218368	0.328242
800.195408	0.304951
801.172447	0.281476
802.149487	0.257832
803.126527	0.234032
804.103566	0.210090
805.080606	0.186023
806.057645	0.161843
807.034685	0.137565
808.011724	0.113205
808.988764	0.088776
809.965804	0.064294
810.942843	0.039773
811.919883	0.015228
812.896922	-0.009326
813.873962	-0.033875
814.851001	-0.058403
815.828041	-0.082896
816.805081	-0.107339
817.782120	-0.131717
818.759160	-0.156016
819.736199	-0.180221
820.713239	-0.204317
821.690278	-0.228290
822.667318	-0.252125
823.644358	-0.275808
824.621397	-0.299325
825.598437	-0.322662
826.575476	-0.345804
827.552516	-0.368737
828.529555	-0.391448
829.506595	-0.413924
830.483635	-0.436149
831.460674	-0.458112
832.437714	-0.479798
833.414753	-0.501195
834.391793	-0.522290
835.368832	-0.543070
836.345872	-0.563523
837.322912	-0.583636
838.299951	-0.603397
839.276991	-0.622794
840.254030	-0.641816
841.231070	-0.660451
842.208109	-0.678687
843.185149	-0.696515
844.162189	-0.713922
845.139228	-0.730899
846.116268	-0.747435
847.093307	-0.763521
848.070347	-0.779147
849.047386	-0.794302
850.024426	-0.808979
851.001466	-0.823168
851.978505	-0.836861
852.955545	-0.850049
853.932584	-0.862724
854.909624	-0.874880
855.886663	-0.886508
856.863703	-0.897601
857.840743	-0.908154
858.817782	-0.918158
859.794822	-0.927610
860.771861	-0.936502
861.748901	-0.944829
862.725940	-0.952587
863.702980	-0.959770
864.680020	-0.966375
865.657059	-0.972397
866.634099	-0.977832
867.611138	-0.982679
868.588178	-0.986932
869.565217	-0.990591
870.542257	-0.993653
871.519297	-0.996115
872.496336	-0.997977
873.473376	-0.999237
874.450415	-0.999895
875.427455	-0.999950
876.404494	-0.999402
877.381534	-0.998251
878.358574	-0.996498
879.335613	-0.994145
880.312653	-0.991193
881.289692	-0.987642
882.266732	-0.983497
883.243771	-0.978758
884.220811	-0.973429
885.197851	-0.967514
886.174890	-0.961015
887.151930	-0.953936
888.128969	-0.946283
889.106009	-0.938059
890.083048	-0.929269
891.060088	-0.919919
892.037128	-0.910014
893.014167	-0.899561
893.991207	-0.888566
894.968246	-0.877034
895.945286	-0.864974
896.922325	-0.852393
897.899365	-0.839297
898.876404	-0.825696
899.853444	-0.811597
900.830484	-0.797008
901.807523	-0.781939
902.784563	-0.766398
903.761602	-0.750395
904.738642	-0.733940
905.715681	-0.717043
906.692721	-0.699713
907.669761	-0.681961
908.646800	-0.663798
909.623840	-0.645235
910.600879	-0.626283
911.577919	-0.606953
912.554958	-0.587257
913.531998	-0.567207
914.509038	-0.546816
915.486077	-0.526094
916.463117	-0.505056
917.440156	-0.483712
918.417196	-0.462078
919.394235	-0.440164
920.371275	-0.417986
921.348315	-0.395555
922.325354	-0.372886
923.302394	-0.349992
924.279433	-0.326886
925.256473	-0.303584
926.233512	-0.280099
927.210552	-0.256445
928.187592	-0.232636
929.164631	-0.208687
930.141671	-0.184613
931.118710	-0.160427
932.095750	-0.136144
933.072789	-0.111779
934.049829	-0.087347
935.026869	-0.062862
936.003908	-0.038339
936.980948	-0.013793
937.957987	0.010761
938.935027	0.035309
939.912066	0.059836
940.889106	0.084326
941.866146	0.108766
942.843185	0.133139
943.820225	0.157433
944.797264	0.181632
945.774304	0.205721
946.751343	0.229687
947.728383	0.253513
948.705423	0.277187
949.682462	0.300694
950.659502	0.324020
951.636541	0.347150
952.613581	0.370071
953.590620	0.392768
954.567660	0.415229
955.544700	0.437440
956.521739	0.459387
957.498779	0.481057
958.475818	0.502436
959.452858	0.523513
960.429897	0.544275
961.406937	0.564708
962.383977	0.584800
963.361016	0.604541
964.338056	0.623916
965.315095	0.642916
966.292135	0.661527
967.269174	0.679740
968.246214	0.697543
969.223254	0.714926
970.200293	0.731878
971.177333	0.748388
972.154372	0.764447
973.131412	0.780045
974.108451	0.795173
975.085491	0.809821
976.062531	0.823982
977.039570	0.837645
978.016610	0.850804
978.993649	0.863449
979.970689	0.875574
980.947728	0.887171
981.924768	0.898233
982.901808	0.908753
983.878847	0.918726
984.855887	0.928145
985.832926	0.937004
986.809966	0.945298
987.787005	0.953022
988.764045	0.960172
989.741085	0.966743
990.718124	0.972730
991.695164	0.978132
992.672203	0.982944
993.649243	0.987163
994.626282	0.990787
995.603322	0.993813
996.580362	0.996240
997.557401	0.998067
998.534441	0.999292
999.511480	0.999915
1000.488520	0.999934
1001.465559	0.999351
1002.442599	0.998165
1003.419638	0.996377
1004.396678	0.993989
1005.373718	0.991002
1006.350757	0.987416
1007.327797	0.983236
1008.304836	0.978463
1009.281876	0.973100
1010.258915	0.967150
1011.235955	0.960617
1012.212995	0.953505
1013.190034	0.945818
1014.167074	0.937560
1015.144113	0.928738
1016.121153	0.919355
1017.098192	0.909419
1018.075232	0.898934
1019.052272	0.887907
1020.029311	0.876344
1021.006351	0.864253
1021.983390	0.851642
1022.960430	0.838516
1023.937469	0.824886
1024.914509	0.810757
1025.891549	0.796140
1026.868588	0.781043
1027.845628	0.765476
1028.822667	0.749446
1029.799707	0.732965
1030.776746	0.716042
1031.753786	0.698687
1032.730826	0.680911
1033.707865	0.662724
1034.684905	0.644138
1035.661944	0.625163
1036.638984	0.605812
1037.616023	0.586095
1038.593063	0.566025
1039.570103	0.545614
1040.547142	0.524873
1041.524182	0.503817
1042.501221	0.482456
1043.478261	0.460805
1044.455300	0.438875
1045.432340	0.416682
1046.409380	0.394237
1047.386419	0.371554
1048.363459	0.348647
1049.340498	0.325530
1050.317538	0.302217
1051.294577	0.278721
1052.271617	0.255058
1053.248657	0.231241
1054.225696	0.207284
1055.202736	0.183202
1056.179775	0.159010
1057.156815	0.134722
1058.133854	0.110353
1059.110894	0.085917
1060.087934	0.061430
1061.064973	0.036905
1062.042013	0.012358
1063.019052	-0.012196
1063.996092	-0.036743
1064.973131	-0.061268
1065.950171	-0.085756
1066.927211	-0.110192
1067.904250	-0.134561
1068.881290	-0.158850
1069.858329	-0.183043
1070.835369	-0.207125
1071.812408	-0.231083
1072.789448	-0.254901
1073.766488	-0.278566
1074.743527	-0.302062
1075.720567	-0.325377
1076.697606	-0.348495
1077.674646	-0.371403
1078.651685	-0.394088
1079.628725	-0.416534
1080.605765	-0.438730
1081.582804	-0.460661
1082.559844	-0.482314
1083.536883	-0.503677
1084.513923	-0.524735
1085.490962	-0.545478
1086.468002	-0.565891
1087.445042	-0.585964
1088.422081	-0.605683
1089.399121	-0.625037
1090.376160	-0.644014
1091.353200	-0.662603
1092.330239	-0.680792
1093.307279	-0.698571
1094.284319	-0.715929
1095.261358	-0.732855
1096.238398	-0.749339
1097.215437	-0.765371
1098.192477	-0.780942
1099.169516	-0.796042
1100.146556	-0.810662
1101.123596	-0.824794
1102.100635	-0.838428
1103.077675	-0.851557
1104.054714	-0.864172
1105.031754	-0.876266
1106.008793	-0.887832
1106.985833	-0.898863
1107.962872	-0.909351
1108.939912	-0.919292
1109.916952	-0.928678
1110.893991	-0.937504
1111.871031	-0.945765
1112.848070	-0.953456
1113.825110	-0.960572
1114.802149	-0.967109
1115.779189	-0.973062
1116.756229	-0.978429
1117.733268	-0.983206
1118.710308	-0.987391
1119.687347	-0.990980
1120.664387	-0.993971
1121.641426	-0.996364
1122.618466	-0.998155
1123.595506	-0.999345
1124.572545	-0.999932
1125.549585	-0.999917
1126.526624	-0.999298
1127.503664	-0.998077
1128.480703	-0.996254
1129.457743	-0.993831
1130.434783	-0.990808
1131.411822	-0.987189
1132.388862	-0.982973
1133.365901	-0.978166
1134.342941	-0.972768
1135.319980	-0.966784
1136.297020	-0.960217
1137.274060	-0.953071
1138.251099	-0.945351
1139.228139	-0.937060
1140.205178	-0.928205
1141.182218	-0.918790
1142.159257	-0.908821
1143.136297	-0.898304
1144.113337	-0.887246
1145.090376	-0.875652
1146.067416	-0.863531
1147.044455	-0.850889
1148.021495	-0.837734
1148.998534	-0.824074
1149.975574	-0.809917
1150.952614	-0.795271
1151.929653	-0.780147
1152.906693	-0.764552
1153.883732	-0.748495
1154.860772	-0.731988
1155.837811	-0.715039
1156.814851	-0.697660
1157.791891	-0.679859
1158.768930	-0.661649
1159.745970	-0.643040
1160.723009	-0.624043
1161.700049	-0.604670
1162.677088	-0.584932
1163.654128	-0.564842
1164.631168	-0.544411
1165.608207	-0.523652
1166.585247	-0.502577
1167.562286	-0.481199
1168.539326	-0.459531
1169.516365	-0.437586
1170.493405	-0.415377
1171.470445	-0.392918
1172.447484	-0.370221
1173.424524	-0.347302
1174.401563	-0.324173
1175.378603	-0.300849
1176.355642	-0.277343
1177.332682	-0.253670
1178.309722	-0.229844
1179.286761	-0.205880
1180.263801	-0.181791
1181.240840	-0.157593
1182.217880	-0.133300
1183.194919	-0.108927
1184.171959	-0.084488
1185.148999	-0.059997
1186.126038	-0.035471
1187.103078	-0.010923
1188.080117	0.013631
1189.057157	0.038177
1190.034196	0.062700
1191.011236	0.087185
1191.988276	0.111618
1192.965315	0.135983
1193.942355	0.160266
1194.919394	0.184453
1195.896434	0.208529
1196.873473	0.232479
1197.850513	0.256288
1198.827553	0.279943
1199.804592	0.303430
1200.781632	0.326733
1201.758671	0.349840
1202.735711	0.372735
1203.712750	0.395406
1204.689790	0.417838
1205.666830	0.440019
1206.643869	0.461934
1207.620909	0.483570
1208.597948	0.504916
1209.574988	0.525956
1210.552027	0.546680
1211.529067	0.567074
1212.506106	0.587126
1213.483146	0.606824
1214.460186	0.626156
1215.437225	0.645111
1216.414265	0.663677
1217.391304	0.681842
1218.368344	0.699597
1219.345383	0.716930
1220.322423	0.733830
1221.299463	0.750288
1222.276502	0.766294
1223.253542	0.781838
1224.230581	0.796910
1225.207621	0.811502
1226.184660	0.825604
1227.161700	0.839209
1228.138740	0.852308
1229.115779	0.864893
1230.092819	0.876957
1231.069858	0.888491
1232.046898	0.899490
1233.023937	0.909947
1234.000977	0.919855
1234.978017	0.929209
1235.955056	0.938002
1236.932096	0.946230
1237.909135	0.953887
1238.886175	0.960970
1239.863214	0.967473
1240.840254	0.973392
1241.817294	0.978725
1242.794333	0.983467
1243.771373	0.987617
1244.748412	0.991171
1245.725452	0.994128
1246.702491	0.996485
1247.679531	0.998241
1248.656571	0.999396
1249.633610	0.999948
1250.610650	0.999897
1251.587689	0.999243
1252.564729	0.997987
1253.541768	0.996129
1254.518808	0.993671
1255.495848	0.990613
1256.472887	0.986959
1257.449927	0.982709
1258.426966	0.977866
1259.404006	0.972434
1260.381045	0.966416
1261.358085	0.959815
1262.335125	0.952636
1263.312164	0.944882
1264.289204	0.936558
1265.266243	0.927670
1266.243283	0.918223
1267.220322	0.908221
1268.197362	0.897673
1269.174402	0.886583
1270.151441	0.874958
1271.128481	0.862806
1272.105520	0.850134
1273.082560	0.836949
1274.059599	0.823260
1275.036639	0.809074
1276.013679	0.794401
1276.990718	0.779248
1277.967758	0.763626
1278.944797	0.747543
1279.921837	0.731010
1280.898876	0.714036
1281.875916	0.696631
1282.852956	0.678806
1283.829995	0.660572
1284.807035	0.641940
1285.784074	0.622921
1286.761114	0.603526
1287.738153	0.583768
1288.715193	0.563657
1289.692233	0.543207
1290.669272	0.522429
1291.646312	0.501336
1292.623351	0.479940
1293.600391	0.458256
1294.577430	0.436295
1295.554470	0.414071
1296.531510	0.391598
1297.508549	0.368888
1298.485589	0.345956
1299.462628	0.322815
1300.439668	0.299480
1301.416707	0.275964
1302.393747	0.252282
1303.370787	0.228448
1304.347826	0.204476
1305.324866	0.180380
1306.301905	0.156176
1307.278945	0.131878
1308.255984	0.107500
1309.233024	0.083058
1310.210064	0.058565
1311.187103	0.034037
1312.164143	0.009489
1313.141182	-0.015066
1314.118222	-0.039611
1315.095261	-0.064132
1316.072301	-0.088614
1317.049340	-0.113044
1318.026380	-0.137405
1319.003420	-0.161683
1319.980459	-0.185863
1320.957499	-0.209932
1321.934538	-0.233874
1322.911578	-0.257675
1323.888617	-0.281321
1324.865657	-0.304797
1325.842697	-0.328089
1326.819736	-0.351183
1327.796776	-0.374066
1328.773815	-0.396723
1329.750855	-0.419141
1330.727894	-0.441307
1331.704934	-0.463206
1332.681974	-0.484826
1333.659013	-0.506154
1334.636053	-0.527176
1335.613092	-0.547881
1336.590132	-0.568255
1337.567171	-0.588287
1338.544211	-0.607964
1339.521251	-0.627274
1340.498290	-0.646207
1341.475330	-0.664749
1342.452369	-0.682891
1343.429409	-0.700621
1344.406448	-0.717929
1345.383488	-0.734804
1346.360528	-0.751236
1347.337567	-0.767215
1348.314607	-0.782731
1349.291646	-0.797776
1350.268686	-0.812339
1351.245725	-0.826413
1352.222765	-0.839989
1353.199805	-0.853058
1354.176844	-0.865612
1355.153884	-0.877645
1356.130923	-0.889149
1357.107963	-0.900116
1358.085002	-0.910541
1359.062042	-0.920417
1360.039082	-0.929738
1361.016121	-0.938499
1361.993161	-0.946693
1362.970200	-0.954317
1363.947240	-0.961366
1364.924279	-0.967834
1365.901319	-0.973720
1366.878359	-0.979018
1367.855398	-0.983726
1368.832438	-0.987841
1369.809477	-0.991360
1370.786517	-0.994282
1371.763556	-0.996604
1372.740596	-0.998325
1373.717636	-0.999445
1374.694675	-0.999962
1375.671715	-0.999875
1376.648754	-0.999187
1377.625794	-0.997895
1378.602833	-0.996002
1379.579873	-0.993509
1380.556913	-0.990416
1381.533952	-0.986727
1382.510992	-0.982442
1383.488031	-0.977565
1384.465071	-0.972099
1385.442110	-0.966047
1386.419150	-0.959412
1387.396190	-0.952199
1388.373229	-0.944411
1389.350269	-0.936054
1390.327308	-0.927133
1391.304348	-0.917653
1392.281387	-0.907620
1393.258427	-0.897039
1394.235467	-0.885918
1395.212506	-0.874263
1396.189546	-0.862080
1397.166585	-0.849378
1398.143625	-0.836163
1399.120664	-0.822445
1400.097704	-0.808230
1401.074744	-0.793528
1402.051783	-0.778348
1403.028823	-0.762699
1404.005862	-0.746589
1404.982902	-0.730030
1405.959941	-0.713030
1406.936981	-0.695601
1407.914021	-0.677752
1408.891060	-0.659495
1409.868100	-0.640839
1410.845139	-0.621798
1411.822179	-0.602382
1412.799218	-0.582602
1413.776258	-0.562471
1414.753298	-0.542001
1415.730337	-0.521205
1416.707377	-0.500094
1417.684416	-0.478681
1418.661456	-0.456980
1419.638495	-0.435004
1420.615535	-0.412765
1421.592574	-0.390277
1422.569614	-0.367554
1423.546654	-0.344609
1424.523693	-0.321457
1425.500733	-0.298111
1426.477772	-0.274585
1427.454812	-0.250893
1428.431851	-0.227051
1429.408891	-0.203071
1430.385931	-0.178969
1431.362970	-0.154759
1432.340010	-0.130456
1433.317049	-0.106074
1434.294089	-0.081628
1435.271128	-0.057133
1436.248168	-0.032603
1437.225208	-0.008054
1438.202247	0.016500
1439.179287	0.041044
1440.156326	0.065564
1441.133366	0.090044
1442.110405	0.114469
1443.087445	0.138826
1444.064485	0.163098
1445.041524	0.187273
1446.018564	0.211335
1446.995603	0.235269
1447.972643	0.259061
1448.949682	0.282697
1449.926722	0.306163
1450.903762	0.329444
1451.880801	0.352527
1452.857841	0.375396
1453.834880	0.398040
1454.811920	0.420444
1455.788959	0.442594
1456.765999	0.464477
1457.743039	0.486080
1458.720078	0.507391
1459.697118	0.528395
1460.674157	0.549081
1461.651197	0.569435
1462.628236	0.589447
1463.605276	0.609102
1464.582316	0.628391
1465.559355	0.647301
1466.536395	0.665821
1467.513434	0.683939
1468.490474	0.701645
1469.467513	0.718927
1470.444553	0.735777
1471.421593	0.752182
1472.398632	0.768135
1473.375672	0.783624
1474.352711	0.798640
1475.329751	0.813175
1476.306790	0.827220
1477.283830	0.840766
1478.260870	0.853805
1479.237909	0.866330
1480.214949	0.878332
1481.191988	0.889805
1482.169028	0.900741
1483.146067	0.911134
1484.123107	0.920977
1485.100147	0.930266
1486.077186	0.938993
1487.054226	0.947155
1488.031265	0.954745
1489.008305	0.961760
1489.985344	0.968194
1490.962384	0.974046
1491.939424	0.979309
1492.916463	0.983983
1493.893503	0.988063
1494.870542	0.991547
1495.847582	0.994434
1496.824621	0.996721
1497.801661	0.998407
1498.778701	0.999492
1499.755740	0.999973
1500.732780	0.999852
1501.709819	0.999128
1502.686859	0.997801
1503.663898	0.995873
1504.640938	0.993344
1505.617978	0.990217
1506.595017	0.986493
1507.572057	0.982173
1508.549096	0.977262
1509.526136	0.971761
1510.503175	0.965675
1511.480215	0.959006
1512.457255	0.951759
1513.434294	0.943939
1514.411334	0.935549
1515.388373	0.926595
1516.365413	0.917082
1517.342452	0.907017
1518.319492	0.896404
1519.296532	0.885252
1520.273571	0.873565
1521.250611	0.861352
1522.227650	0.848619
1523.204690	0.835375
1524.181729	0.821627
1525.158769	0.807384
1526.135809	0.792654
1527.112848	0.777446
1528.089888	0.761770
1529.066927	0.745634
1530.043967	0.729049
1531.021006	0.712024
1531.998046	0.694569
1532.975085	0.676696
1533.952125	0.658415
1534.929165	0.639737
1535.906204	0.620674
1536.883244	0.601236
1537.860283	0.581435
1538.837323	0.561284
1539.814362	0.540795
1540.791402	0.519979
1541.768442	0.498851
1542.745481	0.477421
1543.722521	0.455703
1544.699560	0.433711
1545.676600	0.411457
1546.653639	0.388955
1547.630679	0.366219
1548.607719	0.343262
1549.584758	0.320098
1550.561798	0.296741
1551.538837	0.273205
1552.515877	0.249504
1553.492916	0.225653
1554.469956	0.201666
1555.446996	0.177557
1556.424035	0.153341
1557.401075	0.129033
1558.378114	0.104647
1559.355154	0.080198
1560.332193	0.055700
1561.309233	0.031169
1562.286273	0.006619
1563.263312	-0.017935
1564.240352	-0.042478
1565.217391	-0.066995
1566.194431	-0.091472
1567.171470	-0.115894
1568.148510	-0.140246
1569.125550	-0.164514
1570.102589	-0.188682
1571.079629	-0.212737
1572.056668	-0.236663
1573.033708	-0.260447
1574.010747	-0.284073
1574.987787	-0.307529
1575.964827	-0.330798
1576.941866	-0.353869
1577.918906	-0.376726
1578.895945	-0.399356
1579.872985	-0.421745
1580.850024	-0.443880
1581.827064	-0.465747
1582.804104	-0.487334
1583.781143	-0.508626
1584.758183	-0.529612
1585.735222	-0.550279
1586.712262	-0.570614
1587.689301	-0.590605
1588.666341	-0.610240
1589.643381	-0.629507
1590.620420	-0.648394
1591.597460	-0.666890
1592.574499	-0.684985
1593.551539	-0.702666
1594.528578	-0.719924
1595.505618	-0.736748
1596.482658	-0.753127
1597.459697	-0.769052
1598.436737	-0.784514
1599.413776	-0.799503
1600.390816	-0.814010
1601.367855	-0.828026
1602.344895	-0.841542
1603.321935	-0.854552
1604.298974	-0.867046
1605.276014	-0.879017
1606.253053	-0.890458
1607.230093	-0.901363
1608.207132	-0.911724
1609.184172	-0.921535
1610.161212	-0.930791
1611.138251	-0.939486
1612.115291	-0.947614
1613.092330	-0.955171
1614.069370	-0.962152
1615.046409	-0.968552
1616.023449	-0.974369
1617.000489	-0.979599
1617.977528	-0.984238
1618.954568	-0.988283
1619.931607	-0.991733
1620.908647	-0.994584
1621.885686	-0.996836
1622.862726	-0.998487
1623.839766	-0.999536
1624.816805	-0.999983
1625.793845	-0.999826
1626.770884	-0.999067
1627.747924	-0.997705
1628.724963	-0.995742
1629.702003	-0.993178
1630.679043	-0.990016
1631.656082	-0.986256
1632.633122	-0.981903
1633.610161	-0.976957
1634.587201	-0.971422
1635.564240	-0.965301
1636.541280	-0.958599
1637.518319	-0.951318
1638.495359	-0.943464
1639.472399	-0.935041
1640.449438	-0.926054
1641.426478	-0.916509
1642.403517	-0.906412
1643.380557	-0.895768
1644.357596	-0.884583
1645.334636	-0.872866
1646.311676	-0.860622
1647.288715	-0.847860
1648.265755	-0.834586
1649.242794	-0.820809
1650.219834	-0.806537
1651.196873	-0.791779
1652.173913	-0.776543
1653.150953	-0.760840
1654.127992	-0.744677
1655.105032	-0.728066
1656.082071	-0.711015
1657.059111	-0.693536
1658.036150	-0.675639
1659.013190	-0.657335
1659.990230	-0.638634
1660.967269	-0.619548
1661.944309	-0.600088
1662.921348	-0.580267
1663.898388	-0.560096
1664.875427	-0.539587
1665.852467	-0.518753
1666.829507	-0.497606
1667.806546	-0.476160
1668.783586	-0.454426
1669.760625	-0.432418
1670.737665	-0.410149
1671.714704	-0.387633
1672.691744	-0.364884
1673.668784	-0.341914
1674.645823	-0.318738
1675.622863	-0.295370
1676.599902	-0.271824
1677.576942	-0.248114
1678.553981	-0.224255
1679.531021	-0.200260
1680.508061	-0.176145
1681.485100	-0.151923
1682.462140	-0.127610
1683.439179	-0.103220
1684.416219	-0.078767
1685.393258	-0.054267
1686.370298	-0.029735
1687.347338	-0.005184
1688.324377	0.019369
1689.301417	0.043911
1690.278456	0.068427
1691.255496	0.092901
1692.232535	0.117319
1693.209575	0.141667
1694.186615	0.165929
1695.163654	0.190091
1696.140694	0.214139
1697.117733	0.238057
1698.094773	0.261832
1699.071812	0.285449
1700.048852	0.308894
1701.025892	0.332152
1702.002931	0.355211
1702.979971	0.378055
1703.957010	0.400671
1704.934050	0.423046
1705.911089	0.445165
1706.888129	0.467017
1707.865169	0.488586
1708.842208	0.509861
1709.819248	0.530829
1710.796287	0.551477
1711.773327	0.571792
1712.750366	0.591762
1713.727406	0.611376
1714.704446	0.630621
1715.681485	0.649486
1716.658525	0.667959
1717.635564	0.686030
1718.612604	0.703686
1719.589643	0.720919
1720.566683	0.737717
1721.543723	0.754070
1722.520762	0.769969
1723.497802	0.785403
1724.474841	0.800364
1725.451881	0.814842
1726.428920	0.828829
1727.405960	0.842316
1728.383000	0.855296
1729.360039	0.867760
1730.337079	0.879700
1731.314118	0.891110
1732.291158	0.901983
1733.268197	0.912312
1734.245237	0.922092
1735.222277	0.931315
1736.199316	0.939976
1737.176356	0.948071
1738.153395	0.955595
1739.130435	0.962542
1740.107474	0.968909
1741.084514	0.974691
1742.061553	0.979886
1743.038593	0.984490
1744.015633	0.988501
1744.992672	0.991916
1745.969712	0.994732
1746.946751	0.996949
1747.923791	0.998565
1748.900830	0.999579
1749.877870	0.999990
1750.854910	0.999798
1751.831949	0.999004
1752.808989	0.997607
1753.786028	0.995608
1754.763068	0.993010
1755.740107	0.989812
1756.717147	0.986018
1757.694187	0.981630
1758.671226	0.976649
1759.648266	0.971080
1760.625305	0.964925
1761.602345	0.958189
1762.579384	0.950875
1763.556424	0.942987
1764.533464	0.934531
1765.510503	0.925512
1766.487543	0.915934
1767.464582	0.905805
1768.441622	0.895129
1769.418661	0.883913
1770.395701	0.872165
1771.372741	0.859891
1772.349780	0.847098
1773.326820	0.833794
1774.303859	0.819988
1775.280899	0.805688
1776.257938	0.790901
1777.234978	0.775638
1778.212018	0.759908
1779.189057	0.743719
1780.166097	0.727081
1781.143136	0.710006
1782.120176	0.692502
1783.097215	0.674581
1784.074255	0.656253
1785.051295	0.637529
1786.028334	0.618421
1787.005374	0.598940
1787.982413	0.579098
1788.959453	0.558907
1789.936492	0.538379
1790.913532	0.517526
1791.890572	0.496361
1792.867611	0.474897
1793.844651	0.453147
1794.821690	0.431124
1795.798730	0.408840
1796.775769	0.386310
1797.752809	0.363547
1798.729849	0.340565
1799.706888	0.317378
1800.683928	0.293999
1801.660967	0.270443
1802.638007	0.246724
1803.615046	0.222856
1804.592086	0.198854
1805.569126	0.174732
1806.546165	0.150505
1807.523205	0.126187
1808.500244	0.101792
1809.477284	0.077337
1810.454323	0.052835
1811.431363	0.028300
1812.408403	0.003749
1813.385442	-0.020804
1814.362482	-0.045345
1815.339521	-0.069858
1816.316561	-0.094330
1817.293600	-0.118744
1818.270640	-0.143087
1819.247680	-0.167344
1820.224719	-0.191500
1821.201759	-0.215540
1822.178798	-0.239450
1823.155838	-0.263216
1824.132877	-0.286824
1825.109917	-0.310258
1826.086957	-0.333505
1827.063996	-0.356551
1828.041036	-0.379383
1829.018075	-0.401985
1829.995115	-0.424345
1830.972154	-0.446450
1831.949194	-0.468285
1832.926234	-0.489838
1833.903273	-0.511095
1834.880313	-0.532045
1835.857352	-0.552673
1836.834392	-0.572968
1837.811431	-0.592918
1838.788471	-0.612511
1839.765511	-0.631734
1840.742550	-0.650576
1841.719590	-0.669026
1842.696629	-0.687073
1843.673669	-0.704705
1844.650708	-0.721913
1845.627748	-0.738685
1846.604787	-0.755012
1847.581827	-0.770884
1848.558867	-0.786291
1849.535906	-0.801223
1850.512946	-0.815673
1851.489985	-0.829631
1852.467025	-0.843089
1853.444064	-0.856038
1854.421104	-0.868472
1855.398144	-0.880382
1856.375183	-0.891761
1857.352223	-0.902602
1858.329262	-0.912899
1859.306302	-0.922646
1860.283341	-0.931836
1861.260381	-0.940465
1862.237421	-0.948527
1863.214460	-0.956016
1864.191500	-0.962930
1865.168539	-0.969263
1866.145579	-0.975011
1867.122618	-0.980172
1868.099658	-0.984741
1869.076698	-0.988717
1870.053737	-0.992097
1871.030777	-0.994878
1872.007816	-0.997060
1872.984856	-0.998641
1873.961895	-0.999620
1874.938935	-0.999995
1875.915975	-0.999768
1876.893014	-0.998939
1877.870054	-0.997507
1878.847093	-0.995473
1879.824133	-0.992839
1880.801172	-0.989607
1881.778212	-0.985778
1882.755252	-0.981355
1883.732291	-0.976340
1884.709331	-0.970737
1885.686370	-0.964548
1886.663410	-0.957777
1887.640449	-0.950430
1888.617489	-0.942509
1889.594529	-0.934020
1890.571568	-0.924967
1891.548608	-0.915357
1892.525647	-0.905196
1893.502687	-0.894488
1894.479726	-0.883241
1895.456766	-0.871462
1896.433806	-0.859157
1897.410845	-0.846334
1898.387885	-0.833001
1899.364924	-0.819166
1900.341964	-0.804837
1901.319003	-0.790023
1902.296043	-0.774732
1903.273083	-0.758974
1904.250122	-0.742759
1905.227162	-0.726095
1906.204201	-0.708994
1907.181241	-0.691466
1908.158280	-0.673521
1909.135320	-0.655169
1910.112360	-0.636423
1911.089399	-0.617293
1912.066439	-0.597790
1913.043478	-0.577928
1914.020518	-0.557717
1914.997557	-0.537169
1915.974597	-0.516298
1916.951637	-0.495115
1917.928676	-0.473634
1918.905716	-0.451867
1919.882755	-0.429828
1920.859795	-0.407530
1921.836834	-0.384986
1922.813874	-0.362210
1923.790914	-0.339216
1924.767953	-0.316017
1925.744993	-0.292627
1926.722032	-0.269061
1927.699072	-0.245333
1928.676111	-0.221457
1929.653151	-0.197448
1930.630191	-0.173319
1931.607230	-0.149086
1932.584270	-0.124763
1933.561309	-0.100365
1934.538349	-0.075906
1935.515388	-0.051402
1936.492428	-0.026866
1937.469468	-0.002314
1938.446507	0.022239
1939.423547	0.046778
1940.400586	0.071290
1941.377626	0.095758
1942.354665	0.120169
1943.331705	0.144507
1944.308745	0.168758
1945.285784	0.192908
1946.262824	0.216941
1947.239863	0.240843
1948.216903	0.264600
1949.193942	0.288198
1950.170982	0.311622
1951.148021	0.334858
1952.125061	0.357892
1953.102101	0.380710
1954.079140	0.403299
1955.056180	0.425644
1956.033219	0.447733
1957.010259	0.469552
1957.987298	0.491088
1958.964338	0.512328
1959.941378	0.533259
1960.918417	0.553868
1961.895457	0.574144
1962.872496	0.594073
1963.849536	0.613644
1964.826575	0.632846
1965.803615	0.651665
1966.780655	0.670092
1967.757694	0.688115
1968.734734	0.705722
1969.711773	0.722905
1970.688813	0.739651
1971.665852	0.755952
1972.642892	0.771797
1973.619932	0.787176
1974.596971	0.802081
1975.574011	0.816502
1976.551050	0.830431
1977.528090	0.843860
1978.505129	0.856779
1979.482169	0.869182
1980.459209	0.881061
1981.436248	0.892409
1982.413288	0.903219
1983.390327	0.913484
1984.367367	0.923198
1985.344406	0.932356
1986.321446	0.940952
1987.298486	0.948980
1988.275525	0.956436
1989.252565	0.963316
1990.229604	0.969615
1991.206644	0.975329
1992.183683	0.980455
1993.160723	0.984990
1994.137763	0.988931
1995.114802	0.992276
1996.091842	0.995022
1997.068881	0.997169
1998.045921	0.998715
1999.022960	0.999658
2000.000000	0.999999
