  0 a  0  0.000000000e+00  8.555790259e-08  1.906059354e-12 -2.073270488e-16 -3.356462558e-19
  0 a  1  3.099002240e-05 -3.939285922e-11 -8.496946970e-16  2.394446499e-21  0.000000000e+00
  0 a  2  5.921922339e-12 -3.835883315e-17  9.724218203e-22  0.000000000e+00  0.000000000e+00
  0 a  3 -1.079742782e-15  6.608698523e-21  0.000000000e+00  0.000000000e+00  0.000000000e+00
  0 a  4 -1.580644969e-19  0.000000000e+00  0.000000000e+00  0.000000000e+00  0.000000000e+00
  0 b  0  0.000000000e+00  3.020625857e-05 -5.514149138e-11  5.593878587e-15  1.052841782e-17
  0 b  1  8.221930155e-08  3.737155002e-12 -1.247936325e-17 -1.629705562e-22  0.000000000e+00
  0 b  2 -1.918647177e-11 -8.721251300e-16  3.658481339e-21  0.000000000e+00  0.000000000e+00
  0 b  3  2.068511337e-15  6.387772195e-22  0.000000000e+00  0.000000000e+00  0.000000000e+00
  0 b  4  3.412583909e-18  0.000000000e+00  0.000000000e+00  0.000000000e+00  0.000000000e+00
  1 a  0  0.000000000e+00  6.698988530e-08  1.901004031e-12 -2.066518375e-16 -3.348538365e-19
  1 a  1  3.116294913e-05 -3.064359684e-11 -8.788701021e-16  2.237645289e-21  0.000000000e+00
  1 a  2  6.101001676e-12 -5.463513066e-17  2.489700885e-21  0.000000000e+00  0.000000000e+00
  1 a  3 -1.112705835e-15  8.875714288e-21  0.000000000e+00  0.000000000e+00  0.000000000e+00
  1 a  4 -1.602547240e-19  0.000000000e+00  0.000000000e+00  0.000000000e+00  0.000000000e+00
  1 b  0  0.000000000e+00  3.070405172e-05 -4.245383707e-11  4.206206811e-15  8.308211096e-18
  1 b  1  6.430877031e-08  3.769324357e-12 -1.083003278e-17 -9.408732287e-23  0.000000000e+00
  1 b  2 -1.474795253e-11 -8.920591196e-16  3.359433090e-21  0.000000000e+00  0.000000000e+00
  1 b  3  1.585391918e-15  1.640337705e-21  0.000000000e+00  0.000000000e+00  0.000000000e+00
  1 b  4  2.629892553e-18  0.000000000e+00  0.000000000e+00  0.000000000e+00  0.000000000e+00
  2 a  0  0.000000000e+00  1.012488351e-07  1.915384041e-12 -2.085393863e-16 -3.369990375e-19
  2 a  1  3.080393201e-05 -4.691355060e-11 -8.217592526e-16  2.684046756e-21  0.000000000e+00
  2 a  2  5.818160722e-12 -3.218010901e-17  4.413507971e-22  0.000000000e+00  0.000000000e+00
  2 a  3 -1.059496748e-15  5.743648870e-21  0.000000000e+00  0.000000000e+00  0.000000000e+00
  2 a  4 -1.586479800e-19  0.000000000e+00  0.000000000e+00  0.000000000e+00  0.000000000e+00
  2 b  0  0.000000000e+00  2.967221039e-05 -6.621145992e-11  6.807932556e-15  1.246005808e-17
  2 b  1  9.735728705e-08  3.709703709e-12 -1.443461813e-17 -1.673584212e-22  0.000000000e+00
  2 b  2 -2.313646391e-11 -8.536744276e-16  4.161125185e-21  0.000000000e+00  0.000000000e+00
  2 b  3  2.496932113e-15  2.886771618e-22  0.000000000e+00  0.000000000e+00  0.000000000e+00
  2 b  4  4.111428204e-18  0.000000000e+00  0.000000000e+00  0.000000000e+00  0.000000000e+00
  3 a  0  0.000000000e+00  2.427765604e-07  5.769662926e-12 -6.286430243e-16 -1.014227385e-18
  3 a  1  3.092259000e-05 -3.694352546e-11 -8.750951080e-16  3.205888484e-21  0.000000000e+00
  3 a  2  1.820615127e-11 -1.097521407e-16  1.913584720e-21  0.000000000e+00  0.000000000e+00
  3 a  3 -2.397287653e-15  4.169179796e-21  0.000000000e+00  0.000000000e+00  0.000000000e+00
  3 a  4 -2.355203636e-18  0.000000000e+00  0.000000000e+00  0.000000000e+00  0.000000000e+00
  3 b  0  0.000000000e+00  3.029509665e-05 -5.228703105e-11  5.281261928e-15  1.002962630e-17
  3 b  1  2.390555068e-07  1.162648583e-11 -4.413084420e-17 -6.676681351e-23  0.000000000e+00
  3 b  2 -1.798384510e-11 -8.932072307e-16  4.880641097e-21  0.000000000e+00  0.000000000e+00
  3 b  3  1.929660750e-15  1.322172599e-21  0.000000000e+00  0.000000000e+00  0.000000000e+00
  3 b  4  3.218932257e-18  0.000000000e+00  0.000000000e+00  0.000000000e+00  0.000000000e+00
  4 a  0  0.000000000e+00  1.859679571e-07  5.815907525e-12 -6.353602831e-16 -1.019429885e-18
  4 a  1  3.108187403e-05 -2.786622708e-11 -9.236732756e-16  4.133320742e-21  0.000000000e+00
  4 a  2  1.866188363e-11 -1.371361553e-16  3.394110552e-21  0.000000000e+00  0.000000000e+00
  4 a  3 -2.450903928e-15  2.644582259e-21  0.000000000e+00  0.000000000e+00  0.000000000e+00
  4 a  4 -2.423540540e-18  0.000000000e+00  0.000000000e+00  0.000000000e+00  0.000000000e+00
  4 b  0  0.000000000e+00  3.076435275e-05 -3.955609196e-11  3.888414923e-15  7.802624149e-18
  4 b  1  1.828996194e-07  1.184413987e-11 -5.107504605e-17  1.078567811e-21  0.000000000e+00
  4 b  2 -1.340794657e-11 -9.331914225e-16  6.273978028e-21  0.000000000e+00  0.000000000e+00
  4 b  3  1.430593928e-15  2.362978460e-21  0.000000000e+00  0.000000000e+00  0.000000000e+00
  4 b  4  2.416903526e-18  0.000000000e+00  0.000000000e+00  0.000000000e+00  0.000000000e+00
  5 a  0  0.000000000e+00  2.905561311e-07  5.773646848e-12 -6.290277392e-16 -1.015107364e-18
  5 a  1  3.074744810e-05 -4.463790347e-11 -8.394595129e-16  3.065128352e-21  0.000000000e+00
  5 a  2  1.791421062e-11 -9.655144402e-17  9.713925236e-22  0.000000000e+00  0.000000000e+00
  5 a  3 -2.360301094e-15  4.499219901e-21  0.000000000e+00  0.000000000e+00  0.000000000e+00
  5 a  4 -2.316113381e-18  0.000000000e+00  0.000000000e+00  0.000000000e+00  0.000000000e+00
  5 b  0  0.000000000e+00  2.978475772e-05 -6.337897632e-11  6.497222238e-15  1.196585598e-17
  5 b  1  2.862925452e-07  1.149932732e-11 -4.638233568e-17 -3.384368590e-22  0.000000000e+00
  5 b  2 -2.199218719e-11 -8.667454620e-16  4.717331096e-21  0.000000000e+00  0.000000000e+00
  5 b  3  2.365424377e-15  6.691672764e-22  0.000000000e+00  0.000000000e+00  0.000000000e+00
  5 b  4  3.925151476e-18  0.000000000e+00  0.000000000e+00  0.000000000e+00  0.000000000e+00
  6 a  0  0.000000000e+00  3.551633970e-07  9.796535707e-12 -1.070253124e-15 -1.717122666e-18
  6 a  1  3.078261325e-05 -3.184046708e-11 -9.129147676e-16  3.580266605e-21  0.000000000e+00
  6 a  2  3.034931279e-11 -1.415905951e-16 -2.757436096e-22  0.000000000e+00  0.000000000e+00
  6 a  3 -3.691715258e-15  5.369903519e-22  0.000000000e+00  0.000000000e+00  0.000000000e+00
  6 a  4 -4.546158145e-18  0.000000000e+00  0.000000000e+00  0.000000000e+00  0.000000000e+00
  6 b  0  0.000000000e+00  3.046506934e-05 -4.614785675e-11  4.607203438e-15  8.959720677e-18
  6 b  1  3.512306136e-07  1.986731041e-11 -8.971258226e-17  8.189585923e-22  0.000000000e+00
  6 b  2 -1.548484670e-11 -9.228150172e-16  5.466479518e-21  0.000000000e+00  0.000000000e+00
  6 b  3  1.656476170e-15 -1.198014820e-22  0.000000000e+00  0.000000000e+00  0.000000000e+00
  6 b  4  2.784241530e-18  0.000000000e+00  0.000000000e+00  0.000000000e+00  0.000000000e+00
  7 a  0  0.000000000e+00  2.569953778e-07  1.002087599e-11 -1.099675318e-15 -1.747660460e-18
  7 a  1  3.091445325e-05 -2.238611607e-11 -9.602449656e-16  3.040556656e-21  0.000000000e+00
  7 a  2  3.082264481e-11 -1.309478000e-16 -2.880128003e-21  0.000000000e+00  0.000000000e+00
  7 a  3 -3.738926204e-15 -2.461765983e-21  0.000000000e+00  0.000000000e+00  0.000000000e+00
  7 a  4 -4.637764992e-18  0.000000000e+00  0.000000000e+00  0.000000000e+00  0.000000000e+00
  7 b  0  0.000000000e+00  3.087186807e-05 -3.321267005e-11  3.187548533e-15  6.704442508e-18
  7 b  1  2.536959711e-07  2.051300044e-11 -1.165074387e-16  2.615640958e-21  0.000000000e+00
  7 b  2 -1.076826423e-11 -9.627354900e-16  4.655951505e-21  0.000000000e+00  0.000000000e+00
  7 b  3  1.147876286e-15 -1.874227321e-21  0.000000000e+00  0.000000000e+00  0.000000000e+00
  7 b  4  1.946423627e-18  0.000000000e+00  0.000000000e+00  0.000000000e+00  0.000000000e+00
  8 a  0  0.000000000e+00  4.372203491e-07  9.726782508e-12 -1.061067897e-15 -1.707724502e-18
  8 a  1  3.063018628e-05 -3.982175812e-11 -8.714099925e-16  3.445164097e-21  0.000000000e+00
  8 a  2  2.996680879e-11 -1.398782197e-16  1.029273763e-22  0.000000000e+00  0.000000000e+00
  8 a  3 -3.650041582e-15  2.200456171e-21  0.000000000e+00  0.000000000e+00  0.000000000e+00
  8 a  4 -4.480053985e-18  0.000000000e+00  0.000000000e+00  0.000000000e+00  0.000000000e+00
  8 b  0  0.000000000e+00  3.000623229e-05 -5.732656751e-11  5.832912432e-15  1.091059082e-17
  8 b  1  4.327541945e-07  1.951933013e-11 -8.401924591e-17 -4.761477408e-23  0.000000000e+00
  8 b  2 -1.958177991e-11 -8.896089872e-16  5.277354541e-21  0.000000000e+00  0.000000000e+00
  8 b  3  2.100068175e-15  1.141760194e-22  0.000000000e+00  0.000000000e+00  0.000000000e+00
  8 b  4  3.508851341e-18  0.000000000e+00  0.000000000e+00  0.000000000e+00  0.000000000e+00
  9 a  0  0.000000000e+00 -8.555790259e-08 -1.906183194e-12  2.073405192e-16  3.356680634e-19
  9 a  1  3.098802636e-05 -3.938123417e-11 -8.501036946e-16  2.415799893e-21  0.000000000e+00
  9 a  2 -6.400690504e-12  4.501855452e-17 -1.112826275e-21  0.000000000e+00  0.000000000e+00
  9 a  3  2.518261763e-16  6.427339130e-21  0.000000000e+00  0.000000000e+00  0.000000000e+00
  9 a  4  2.025024443e-18  0.000000000e+00  0.000000000e+00  0.000000000e+00  0.000000000e+00
  9 b  0  0.000000000e+00  3.020625857e-05 -5.514187696e-11  5.593920527e-15  1.052848572e-17
  9 b  1 -8.832401475e-08 -4.042367093e-12  1.356700938e-17  1.730050861e-22  0.000000000e+00
  9 b  2 -1.918169517e-11 -8.728416721e-16  3.724056714e-21  0.000000000e+00  0.000000000e+00
  9 b  3  2.079112450e-15 -7.840944462e-22  0.000000000e+00  0.000000000e+00  0.000000000e+00
  9 b  4  3.389393816e-18  0.000000000e+00  0.000000000e+00  0.000000000e+00  0.000000000e+00
 10 a  0  0.000000000e+00 -6.698988530e-08 -1.901131285e-12  2.066656708e-16  3.348762516e-19
 10 a  1  3.116087364e-05 -3.062558870e-11 -8.798264563e-16  2.297563836e-21  0.000000000e+00
 10 a  2 -6.595012031e-12  6.343386103e-17 -2.812092350e-21  0.000000000e+00  0.000000000e+00
 10 a  3  2.583192792e-16  8.358827239e-21  0.000000000e+00  0.000000000e+00  0.000000000e+00
 10 a  4  2.086459573e-18  0.000000000e+00  0.000000000e+00  0.000000000e+00  0.000000000e+00
 10 b  0  0.000000000e+00  3.070405172e-05 -4.245413261e-11  4.206238938e-15  8.308263154e-18
 10 b  1 -6.907753032e-08 -4.078351671e-12  1.187494439e-17  8.992806935e-23  0.000000000e+00
 10 b  2 -1.473989770e-11 -8.938877603e-16  3.543815782e-21  0.000000000e+00  0.000000000e+00
 10 b  3  1.601271296e-15 -1.971986690e-21  0.000000000e+00  0.000000000e+00  0.000000000e+00
 10 b  4  2.594962710e-18  0.000000000e+00  0.000000000e+00  0.000000000e+00  0.000000000e+00
 11 a  0  0.000000000e+00 -1.012488351e-07 -1.915506291e-12  2.085526964e-16  3.370205466e-19
 11 a  1  3.080199077e-05 -4.690459848e-11 -8.219729326e-16  2.694140361e-21  0.000000000e+00
 11 a  2 -6.286950488e-12  3.800514860e-17 -5.083382752e-22  0.000000000e+00  0.000000000e+00
 11 a  3  2.488740874e-16  5.655708059e-21  0.000000000e+00  0.000000000e+00  0.000000000e+00
 11 a  4  1.986776400e-18  0.000000000e+00  0.000000000e+00  0.000000000e+00  0.000000000e+00
 11 b  0  0.000000000e+00  2.967221039e-05 -6.621192718e-11  6.807983430e-15  1.246014029e-17
 11 b  1 -1.045892550e-07 -4.012024816e-12  1.565787154e-17  1.796794438e-22  0.000000000e+00
 11 b  2 -2.313313289e-11 -8.539955063e-16  4.191985038e-21  0.000000000e+00  0.000000000e+00
 11 b  3  2.505432731e-15 -3.581906494e-22  0.000000000e+00  0.000000000e+00  0.000000000e+00
 11 b  4  4.093002777e-18  0.000000000e+00  0.000000000e+00  0.000000000e+00  0.000000000e+00
 12 a  0  0.000000000e+00 -2.427765604e-07 -5.770785007e-12  6.287652825e-16  1.014424631e-18
 12 a  1  3.091662338e-05 -3.691266702e-11 -8.759013015e-16  3.235683578e-21  0.000000000e+00
 12 a  2 -1.867716514e-11  1.138411355e-16 -1.837867220e-21  0.000000000e+00  0.000000000e+00
 12 a  3  1.588724597e-15  3.793840282e-21  0.000000000e+00  0.000000000e+00  0.000000000e+00
 12 a  4  4.180346754e-18  0.000000000e+00  0.000000000e+00  0.000000000e+00  0.000000000e+00
 12 b  0  0.000000000e+00  3.029509665e-05 -5.228812485e-11  5.281381105e-15  1.002981858e-17
 12 b  1 -2.447512180e-07 -1.193798333e-11  4.564272171e-17  5.225451247e-23  0.000000000e+00
 12 b  2 -1.797134007e-11 -8.944927752e-16  4.971165816e-21  0.000000000e+00  0.000000000e+00
 12 b  3  1.957825518e-15 -1.245637766e-21  0.000000000e+00  0.000000000e+00  0.000000000e+00
 12 b  4  3.157298454e-18  0.000000000e+00  0.000000000e+00  0.000000000e+00  0.000000000e+00
 13 a  0  0.000000000e+00 -1.859679571e-07 -5.817066706e-12  6.354869181e-16  1.019633069e-18
 13 a  1  3.107570654e-05 -2.782475838e-11 -9.249514716e-16  4.159750216e-21  0.000000000e+00
 13 a  2 -1.913861911e-11  1.395059474e-16 -3.074200625e-21  0.000000000e+00  0.000000000e+00
 13 a  3  1.632831680e-15  1.935751993e-21  0.000000000e+00  0.000000000e+00  0.000000000e+00
 13 a  4  4.270531241e-18  0.000000000e+00  0.000000000e+00  0.000000000e+00  0.000000000e+00
 13 b  0  0.000000000e+00  3.076435275e-05 -3.955691370e-11  3.888504694e-15  7.802768185e-18
 13 b  1 -1.872090217e-07 -1.216633177e-11  5.309102114e-17 -1.133957073e-21  0.000000000e+00
 13 b  2 -1.338979464e-11 -9.354053752e-16  6.351915033e-21  0.000000000e+00  0.000000000e+00
 13 b  3  1.467111028e-15 -2.035914679e-21  0.000000000e+00  0.000000000e+00  0.000000000e+00
 13 b  4  2.336280569e-18  0.000000000e+00  0.000000000e+00  0.000000000e+00  0.000000000e+00
 14 a  0  0.000000000e+00 -2.905561311e-07 -5.774751740e-12  6.291481150e-16  1.015301623e-18
 14 a  1  3.074163251e-05 -4.461280814e-11 -8.399454676e-16  3.084400276e-21  0.000000000e+00
 14 a  2 -1.837884034e-11  1.010578140e-16 -9.462886796e-22  0.000000000e+00  0.000000000e+00
 14 a  3  1.562578666e-15  4.285628519e-21  0.000000000e+00  0.000000000e+00  0.000000000e+00
 14 a  4  4.116725307e-18  0.000000000e+00  0.000000000e+00  0.000000000e+00  0.000000000e+00
 14 b  0  0.000000000e+00  2.978475772e-05 -6.338031505e-11  6.497368089e-15  1.196609135e-17
 14 b  1 -2.931425821e-07 -1.180504733e-11  4.780479279e-17  3.390311694e-22  0.000000000e+00
 14 b  2 -2.198292212e-11 -8.673910791e-16  4.775772690e-21  0.000000000e+00  0.000000000e+00
 14 b  3  2.389248361e-15 -6.442270480e-22  0.000000000e+00  0.000000000e+00  0.000000000e+00
 14 b  4  3.873509747e-18  0.000000000e+00  0.000000000e+00  0.000000000e+00  0.000000000e+00
 15 a  0  0.000000000e+00 -3.551633970e-07 -9.799694847e-12  1.070598255e-15  1.717676396e-18
 15 a  1  3.077274777e-05 -3.180245527e-11 -9.130716610e-16  3.555302341e-21  0.000000000e+00
 15 a  2 -3.080645620e-11  1.420905914e-16  5.225215245e-22  0.000000000e+00  0.000000000e+00
 15 a  3  2.918782140e-15  3.454988680e-22  0.000000000e+00  0.000000000e+00  0.000000000e+00
 15 a  4  6.294223056e-18  0.000000000e+00  0.000000000e+00  0.000000000e+00  0.000000000e+00
 15 b  0  0.000000000e+00  3.046506934e-05 -4.614945577e-11  4.607378127e-15  8.960000950e-18
 15 b  1 -3.560883743e-07 -2.018677833e-11  9.140956405e-17 -8.222114002e-22  0.000000000e+00
 15 b  2 -1.547004738e-11 -9.225370057e-16  5.387898956e-21  0.000000000e+00  0.000000000e+00
 15 b  3  1.691331920e-15  3.700150680e-22  0.000000000e+00  0.000000000e+00  0.000000000e+00
 15 b  4  2.708006488e-18  0.000000000e+00  0.000000000e+00  0.000000000e+00  0.000000000e+00
 16 a  0  0.000000000e+00 -2.569953778e-07 -1.002415723e-11  1.100035397e-15  1.748232715e-18
 16 a  1  3.090436308e-05 -2.234929476e-11 -9.595273855e-16  2.939711975e-21  0.000000000e+00
 16 a  2 -3.127588821e-11  1.285166585e-16  3.189697888e-21  0.000000000e+00  0.000000000e+00
 16 a  3  2.973416284e-15 -2.405026414e-21  0.000000000e+00  0.000000000e+00  0.000000000e+00
 16 a  4  6.369531006e-18  0.000000000e+00  0.000000000e+00  0.000000000e+00  0.000000000e+00
 16 b  0  0.000000000e+00  3.087186807e-05 -3.321380726e-11  3.187673328e-15  6.704640839e-18
 16 b  1 -2.571152322e-07 -2.084305543e-11  1.179259875e-16 -2.553693524e-21  0.000000000e+00
 16 b  2 -1.075318514e-11 -9.606472828e-16  4.346791581e-21  0.000000000e+00  0.000000000e+00
 16 b  3  1.180480280e-15  2.184182113e-21  0.000000000e+00  0.000000000e+00  0.000000000e+00
 16 b  4  1.874339337e-18  0.000000000e+00  0.000000000e+00  0.000000000e+00  0.000000000e+00
 17 a  0  0.000000000e+00 -4.372203491e-07 -9.729879897e-12  1.061405783e-15  1.708268309e-18
 17 a  1  3.062052576e-05 -3.978644010e-11 -8.716963879e-16  3.445060236e-21  0.000000000e+00
 17 a  2 -3.042311562e-11  1.420733168e-16  4.304198345e-23  0.000000000e+00  0.000000000e+00
 17 a  3  2.878058363e-15  2.006796935e-21  0.000000000e+00  0.000000000e+00  0.000000000e+00
 17 a  4  6.225684217e-18  0.000000000e+00  0.000000000e+00  0.000000000e+00  0.000000000e+00
 17 b  0  0.000000000e+00  3.000623229e-05 -5.732857551e-11  5.833131478e-15  1.091094336e-17
 17 b  1 -4.388089435e-07 -1.983057584e-11  8.563564214e-17  4.281447302e-23  0.000000000e+00
 17 b  2 -1.956904005e-11 -8.896173707e-16  5.275301513e-21  0.000000000e+00  0.000000000e+00
 17 b  3  2.133633983e-15  3.407286859e-23  0.000000000e+00  0.000000000e+00  0.000000000e+00
 17 b  4  3.436125165e-18  0.000000000e+00  0.000000000e+00  0.000000000e+00  0.000000000e+00
